13.24118
25.15426
37.00464
48.86224
60.82460
83.56588
106.25181
128.93809
151.69194
174.44496
197.45243
220.11749
243.67737
266.37836
289.00502
311.65365
334.62764
357.26997
379.93317
402.64570
425.57299
448.50233
471.79147
494.56659
517.48203
540.32093
563.28998
586.10751
609.28848
632.20322
655.74706
679.40154
702.76062
728.01153
752.98219
777.30448
800.05805
823.86781
847.32532
870.02188
893.17276
915.94256
938.63977
961.32810
983.99085
1006.78933
1029.72052
1052.80897
1075.87738
1100.42989
1123.30725
1146.01544
1169.10092
1191.78704
1214.65382
1237.97402
1260.91522
1283.61186
1306.53394
1329.34465
1352.29346
1375.12179
1397.95636
1420.90685
1443.96459
1466.88177
1489.75801
1512.72571
1536.44487
1560.17818
1584.22103
1607.24571
1630.18735
1653.05970
1679.77114
1705.29106
1731.16682
1756.12443
1779.99845
1803.16009
1826.65764
1849.99715
1873.57271
1896.87491
1920.18158
1943.55734
1967.23958
1990.46303
2013.89996
2037.88410
2061.48753
2085.33721
2109.15121
2132.38716
2155.76292
2179.69085
2202.98875
2226.25549
2249.45897
2272.70065
2296.35982
2319.64577
2342.95267
2366.37583
2389.62986
2413.13990
2436.81065
2462.59524
2486.00686
2509.49125
2533.72196
2557.25442
2580.92099
2604.20095
2627.87198
2651.41860
2675.18393
2699.00892
2724.07994
2748.04355
2773.06338
2796.73634
2820.27930
2843.78352
2867.63163
2891.25348
2914.83550
2938.34973
2962.03413
2985.84418
3009.72743
3033.64520
3058.49669
3084.41280
3108.66082
3132.56370
3156.63654
3180.55737
3204.97504
3228.88049
3253.28632
3277.99582
3303.75356
3328.48891
3353.99548
3378.80321
3402.71443
3427.88709
3453.40507
3478.09872
3503.03080
3526.94959
3551.56869
3575.62137
3599.71673
3623.71535
3647.70930
3671.76438
3695.80911
3719.89296
3744.26286
3768.46515
3792.62950
3816.75622
3840.92909
3871.10133
3899.96421
3922.52715
3947.17233
3972.17988
3997.13220
4021.74628
4046.55532
4071.35349
4096.54625
4122.29041
4148.33248
4174.25103
4200.36079
4226.61909
4252.64060
4278.51144
4304.76483
4333.28617
4362.47976
4391.28935
4417.62149
4446.04435
4473.87609
4501.64525
4530.91654
4558.88679
4588.18022
4616.85931
4643.88880
4671.16892
4698.91348
4727.84559
4758.67592
4788.88885
4816.55458
4846.62657
4877.09388
4906.89628
4935.23389
4965.92063
4995.62746
5023.83546
5053.27081
5081.75017
5111.08404
5140.52643
5170.07292
5200.06747
5230.13955
5260.00251
5290.36787
5320.89060
5351.42709
5379.74154
5410.67483
5440.97286
5471.00598
5501.63655
5530.31523
5558.91982
5589.77507
5619.59182
5647.39982
5673.37862
5699.31350
5725.96255
5753.13114
5781.66728
5811.69528
5842.50273
5871.89431
5900.97169
5931.81946
5962.47553
5990.22326
6020.08461
6049.74411
6080.90517
6111.86217
6141.89986
6172.71113
6201.73987
6232.04233
6261.14441
6291.32215
6320.16293
6347.61688
6378.67144
6408.75108
6438.30410
6468.12623
6497.60909
6525.80008
6555.99719
6585.88789
6617.75707
6648.70375
6679.69176
6709.81901
6739.66129
6770.42928
6801.14225
6831.02991
6861.17598
6891.40815
6919.18052
6947.25538
6978.75510
7007.61086
7038.58074
7071.60424
7101.40635
7129.48245
7156.27906
7183.40837
7215.80106
7244.93797
7276.44497
7307.07736
7338.69291
7370.37071
7401.83232
7432.51782
7464.46006
7496.28090
7527.95353
7560.70856
7591.01401
7622.93481
7652.55983
7680.66577
7708.34825
7738.95663
7771.56349
7802.02275
7833.45124
7861.07925
7891.35348
7922.55824
7952.00183
7980.93945
8007.76782
8035.01534
8062.31233
8089.87594
8117.24326
8144.52304
8171.90325
8199.19472
8227.12794
8257.10391
8286.90680
8314.96541
8347.69021
