-1110.24383
-1143.49390
-1392.66876
-1250.28030
-1358.61545
-821.87697
-133.69648
-411.18056
-111.14924
-243.04312
-452.45118
-1235.35128
-1382.44970
-599.18706
-725.05702
-781.60977
-775.88777
-651.47102
-1111.56359
-877.34569
-540.53874
-88.57424
-163.98820
-234.95124
-204.56952
-627.23584
53.48611
111.38330
9.33808
-158.61082
87.99953
-257.16062
96.36079
188.48875
143.07290
95.22101
218.62834
129.77911
175.63937
-107.63135
-101.48876
228.72807
335.41766
223.72209
376.79269
420.80399
440.73694
238.21822
332.49739
306.14697
308.22090
333.52809
308.23236
293.97997
264.49414
230.17193
269.58000
201.76952
144.48359
-75.82608
-138.46209
-461.75168
-126.35691
58.67402
52.55304
207.57124
140.24877
192.09754
172.09229
301.04422
288.08077
295.93058
264.15880
287.46058
227.58954
325.88340
260.11787
152.90089
202.80675
273.32728
171.73780
414.71819
443.65791
253.22901
235.19416
299.69612
271.76530
273.55510
309.23917
334.32322
301.33745
400.34642
401.82867
260.58272
235.23944
277.31393
147.55437
301.09295
176.62565
202.73697
160.02043
338.11171
100.99268
73.81676
-713.54682
-114.08554
-68.09777
-205.58753
-54.35319
117.88731
-364.77949
-866.64919
-452.79106
-178.91644
130.81536
271.04080
133.30167
159.61539
353.76047
5.44645
227.63071
-106.41141
245.89145
346.09207
193.40804
196.62543
-170.64719
321.55862
134.07962
156.77363
45.90724
299.98534
419.05875
175.30080
127.73036
165.08889
307.11337
276.36315
75.40373
337.44357
348.04727
364.89972
136.70852
251.25681
204.18774
305.32654
273.03146
387.65369
254.64355
128.37649
276.96396
11.93825
353.46787
241.40030
155.20339
230.44591
305.87758
396.90572
223.92505
495.59660
349.03867
402.73702
453.39139
320.02212
425.91982
77.14519
-175.44734
-236.71030
-250.49642
-371.66678
-370.40056
-146.45284
-445.91155
-165.87871
-38.27413
-692.22461
-525.03284
-446.70102
-645.84437
-625.19703
-793.70249
-848.11342
-721.80885
-462.67182
-686.70636
-749.99144
-776.81393
-138.52366
-236.80701
-419.46309
-823.68127
-746.69159
-820.21480
-809.38379
-838.32437
-582.87866
87.58740
294.05280
411.45831
61.56686
248.32970
374.96163
422.30463
352.92493
437.32400
432.26622
383.18767
375.43786
456.33334
394.64429
331.71394
396.90117
296.28884
339.42454
229.36260
192.33585
299.89371
243.90939
207.52881
247.14418
339.85697
350.44568
274.09298
389.35505
290.79875
259.38659
405.26402
203.32041
175.84875
303.97319
216.06528
334.27100
30.41329
98.56489
-101.67471
33.07692
253.59975
294.87760
191.97745
262.12436
-208.44704
-182.15295
459.96876
545.33812
31.06905
113.91156
224.35241
367.29152
417.54429
31.54994
302.90054
45.59267
362.46488
116.59084
224.95945
394.00142
326.89189
330.45533
376.67691
407.81275
308.19684
426.01027
347.92351
205.96076
4.45905
85.28188
130.74668
296.78561
190.27975
369.76524
410.13414
279.65992
-338.48002
75.15066
321.87467
180.16979
367.88068
283.75514
278.58617
171.39189
188.81496
146.72785
158.26364
92.78748
331.06159
217.41558
117.95846
192.74590
142.92650
202.12243
200.10324
146.91714
-419.56249
-199.35156
-113.82265
-166.15808
-614.68974
-669.43068
150.92998
185.67261
-26.13560
97.79370
248.15864
91.80788
124.99517
-16.34303
-142.18347
220.28038
197.60291
-108.74693
-128.69733
219.44508
373.79168
331.52473
323.44804
248.20267
10.91047
-37.15777
158.52375
208.45758
