13.24118
11.91308
11.85038
11.85760
11.96235
22.74128
22.68594
22.68627
22.75386
22.75301
23.00747
22.66506
23.55988
22.70100
22.62666
22.64863
22.97399
22.64233
22.66320
22.71253
22.92729
22.92934
23.28914
22.77513
22.91544
22.83890
22.96905
22.81754
23.18096
22.91474
23.54384
23.65449
23.35908
25.25090
24.97066
24.32229
22.75357
23.80976
23.45751
22.69655
23.15089
22.76980
22.69721
22.68833
22.66275
22.79848
22.93119
23.08845
23.06841
24.55252
22.87736
22.70819
23.08549
22.68612
22.86678
23.32020
22.94120
22.69664
22.92208
22.81071
22.94881
22.82833
22.83457
22.95049
23.05773
22.91718
22.87624
22.96769
23.71916
23.73331
24.04286
23.02468
22.94164
22.87234
26.71145
25.51992
25.87576
24.95761
23.87402
23.16164
23.49755
23.33951
23.57556
23.30220
23.30666
23.37576
23.68224
23.22345
23.43693
23.98414
23.60344
23.84968
23.81400
23.23595
23.37576
23.92793
23.29791
23.26674
23.20348
23.24168
23.65917
23.28595
23.30690
23.42316
23.25403
23.51004
23.67075
25.78459
23.41162
23.48439
24.23071
23.53246
23.66657
23.27996
23.67103
23.54662
23.76533
23.82499
25.07102
23.96361
25.01983
23.67296
23.54296
23.50422
23.84810
23.62185
23.58202
23.51423
23.68440
23.81005
23.88325
23.91777
24.85149
25.91611
24.24801
23.90288
24.07284
23.92083
24.41768
23.90545
24.40582
24.70951
25.75774
24.73535
25.50657
24.80773
23.91123
25.17266
25.51798
24.69365
24.93208
23.91879
24.61910
24.05268
24.09535
23.99862
23.99395
24.05508
24.04473
24.08385
24.36990
24.20228
24.16436
24.12671
24.17288
30.17224
28.86287
22.56294
24.64518
25.00755
24.95232
24.61409
24.80904
24.79817
25.19276
25.74416
26.04207
25.91855
26.10976
26.25830
26.02151
25.87084
26.25339
28.52134
29.19360
28.80958
26.33214
28.42286
27.83173
27.76916
29.27129
27.97025
29.29343
28.67909
27.02949
27.28011
27.74456
28.93212
30.83033
30.21293
27.66573
30.07199
30.46731
29.80240
28.33762
30.68673
29.70684
28.20800
29.43535
28.47936
29.33388
29.44238
29.54649
29.99455
30.07208
29.86296
30.36536
30.52273
30.53649
28.31445
30.93329
30.29803
30.03312
30.63057
28.67868
28.60459
30.85525
29.81674
27.80800
25.97881
25.93488
26.64905
27.16859
28.53614
30.02799
30.80745
29.39158
29.07738
30.84777
30.65607
27.74773
29.86135
29.65950
31.16107
30.95700
30.03768
30.81127
29.02874
30.30246
29.10207
30.17775
28.84078
27.45395
31.05455
30.07964
29.55302
29.82213
29.48287
28.19098
30.19711
29.89070
31.86919
30.94668
30.98801
30.12725
29.84228
30.76799
30.71297
29.88767
30.14607
30.23216
27.77237
28.07486
31.49971
28.85576
30.96989
33.02350
29.80210
28.07610
26.79661
27.12931
32.39270
29.13691
31.50700
30.63239
31.61555
31.67780
31.46161
30.68551
31.94224
31.82084
31.67263
32.75503
30.30545
31.92079
29.62502
28.10594
27.68248
30.60838
32.60686
30.45926
31.42849
27.62802
30.27423
31.20475
29.44359
28.93762
26.82837
27.24753
27.29699
27.56361
27.36731
27.27978
27.38022
27.29147
27.93321
29.97597
29.80289
28.05861
32.72480
