-1110.24383 13.24118
-1143.49390 25.15426
-1392.66876 37.00464
-1250.28030 48.86224
-1358.61545 60.82460
-821.87697 83.56588
-133.69648 106.25181
-411.18056 128.93809
-111.14924 151.69194
-243.04312 174.44496
-452.45118 197.45243
-1235.35128 220.11749
-1382.44970 243.67737
-599.18706 266.37836
-725.05702 289.00502
-781.60977 311.65365
-775.88777 334.62764
-651.47102 357.26997
-1111.56359 379.93317
-877.34569 402.64570
-540.53874 425.57299
-88.57424 448.50233
-163.98820 471.79147
-234.95124 494.56659
-204.56952 517.48203
-627.23584 540.32093
53.48611 563.28998
111.38330 586.10751
9.33808 609.28848
-158.61082 632.20322
87.99953 655.74706
-257.16062 679.40154
96.36079 702.76062
188.48875 728.01153
143.07290 752.98219
95.22101 777.30448
218.62834 800.05805
129.77911 823.86781
175.63937 847.32532
-107.63135 870.02188
-101.48876 893.17276
228.72807 915.94256
335.41766 938.63977
223.72209 961.32810
376.79269 983.99085
420.80399 1006.78933
440.73694 1029.72052
238.21822 1052.80897
332.49739 1075.87738
306.14697 1100.42989
308.22090 1123.30725
333.52809 1146.01544
308.23236 1169.10092
293.97997 1191.78704
264.49414 1214.65382
230.17193 1237.97402
269.58000 1260.91522
201.76952 1283.61186
144.48359 1306.53394
-75.82608 1329.34465
-138.46209 1352.29346
-461.75168 1375.12179
-126.35691 1397.95636
58.67402 1420.90685
52.55304 1443.96459
207.57124 1466.88177
140.24877 1489.75801
192.09754 1512.72571
172.09229 1536.44487
301.04422 1560.17818
288.08077 1584.22103
295.93058 1607.24571
264.15880 1630.18735
287.46058 1653.05970
227.58954 1679.77114
325.88340 1705.29106
260.11787 1731.16682
152.90089 1756.12443
202.80675 1779.99845
273.32728 1803.16009
171.73780 1826.65764
414.71819 1849.99715
443.65791 1873.57271
253.22901 1896.87491
235.19416 1920.18158
299.69612 1943.55734
271.76530 1967.23958
273.55510 1990.46303
309.23917 2013.89996
334.32322 2037.88410
301.33745 2061.48753
400.34642 2085.33721
401.82867 2109.15121
260.58272 2132.38716
235.23944 2155.76292
277.31393 2179.69085
147.55437 2202.98875
301.09295 2226.25549
176.62565 2249.45897
202.73697 2272.70065
160.02043 2296.35982
338.11171 2319.64577
100.99268 2342.95267
73.81676 2366.37583
-713.54682 2389.62986
-114.08554 2413.13990
-68.09777 2436.81065
-205.58753 2462.59524
-54.35319 2486.00686
117.88731 2509.49125
-364.77949 2533.72196
-866.64919 2557.25442
-452.79106 2580.92099
-178.91644 2604.20095
130.81536 2627.87198
271.04080 2651.41860
133.30167 2675.18393
159.61539 2699.00892
353.76047 2724.07994
5.44645 2748.04355
227.63071 2773.06338
-106.41141 2796.73634
245.89145 2820.27930
346.09207 2843.78352
193.40804 2867.63163
196.62543 2891.25348
-170.64719 2914.83550
321.55862 2938.34973
134.07962 2962.03413
156.77363 2985.84418
45.90724 3009.72743
299.98534 3033.64520
419.05875 3058.49669
175.30080 3084.41280
127.73036 3108.66082
165.08889 3132.56370
307.11337 3156.63654
276.36315 3180.55737
75.40373 3204.97504
337.44357 3228.88049
348.04727 3253.28632
364.89972 3277.99582
136.70852 3303.75356
251.25681 3328.48891
204.18774 3353.99548
305.32654 3378.80321
273.03146 3402.71443
387.65369 3427.88709
254.64355 3453.40507
128.37649 3478.09872
276.96396 3503.03080
11.93825 3526.94959
353.46787 3551.56869
241.40030 3575.62137
155.20339 3599.71673
230.44591 3623.71535
305.87758 3647.70930
396.90572 3671.76438
223.92505 3695.80911
495.59660 3719.89296
349.03867 3744.26286
402.73702 3768.46515
453.39139 3792.62950
320.02212 3816.75622
425.91982 3840.92909
77.14519 3871.10133
-175.44734 3899.96421
-236.71030 3922.52715
-250.49642 3947.17233
-371.66678 3972.17988
-370.40056 3997.13220
-146.45284 4021.74628
-445.91155 4046.55532
-165.87871 4071.35349
-38.27413 4096.54625
-692.22461 4122.29041
-525.03284 4148.33248
-446.70102 4174.25103
-645.84437 4200.36079
-625.19703 4226.61909
-793.70249 4252.64060
-848.11342 4278.51144
-721.80885 4304.76483
-462.67182 4333.28617
-686.70636 4362.47976
-749.99144 4391.28935
-776.81393 4417.62149
-138.52366 4446.04435
-236.80701 4473.87609
-419.46309 4501.64525
-823.68127 4530.91654
-746.69159 4558.88679
-820.21480 4588.18022
-809.38379 4616.85931
-838.32437 4643.88880
-582.87866 4671.16892
87.58740 4698.91348
294.05280 4727.84559
411.45831 4758.67592
61.56686 4788.88885
248.32970 4816.55458
374.96163 4846.62657
422.30463 4877.09388
352.92493 4906.89628
437.32400 4935.23389
432.26622 4965.92063
383.18767 4995.62746
375.43786 5023.83546
456.33334 5053.27081
394.64429 5081.75017
331.71394 5111.08404
396.90117 5140.52643
296.28884 5170.07292
339.42454 5200.06747
229.36260 5230.13955
192.33585 5260.00251
299.89371 5290.36787
243.90939 5320.89060
207.52881 5351.42709
247.14418 5379.74154
339.85697 5410.67483
350.44568 5440.97286
274.09298 5471.00598
389.35505 5501.63655
290.79875 5530.31523
259.38659 5558.91982
405.26402 5589.77507
203.32041 5619.59182
175.84875 5647.39982
303.97319 5673.37862
216.06528 5699.31350
334.27100 5725.96255
30.41329 5753.13114
98.56489 5781.66728
-101.67471 5811.69528
33.07692 5842.50273
253.59975 5871.89431
294.87760 5900.97169
191.97745 5931.81946
262.12436 5962.47553
-208.44704 5990.22326
-182.15295 6020.08461
459.96876 6049.74411
545.33812 6080.90517
31.06905 6111.86217
113.91156 6141.89986
224.35241 6172.71113
367.29152 6201.73987
417.54429 6232.04233
31.54994 6261.14441
302.90054 6291.32215
45.59267 6320.16293
362.46488 6347.61688
116.59084 6378.67144
224.95945 6408.75108
394.00142 6438.30410
326.89189 6468.12623
330.45533 6497.60909
376.67691 6525.80008
407.81275 6555.99719
308.19684 6585.88789
426.01027 6617.75707
347.92351 6648.70375
205.96076 6679.69176
4.45905 6709.81901
85.28188 6739.66129
130.74668 6770.42928
296.78561 6801.14225
190.27975 6831.02991
369.76524 6861.17598
410.13414 6891.40815
279.65992 6919.18052
-338.48002 6947.25538
75.15066 6978.75510
321.87467 7007.61086
180.16979 7038.58074
367.88068 7071.60424
283.75514 7101.40635
278.58617 7129.48245
171.39189 7156.27906
188.81496 7183.40837
146.72785 7215.80106
158.26364 7244.93797
92.78748 7276.44497
331.06159 7307.07736
217.41558 7338.69291
117.95846 7370.37071
192.74590 7401.83232
142.92650 7432.51782
202.12243 7464.46006
200.10324 7496.28090
146.91714 7527.95353
-419.56249 7560.70856
-199.35156 7591.01401
-113.82265 7622.93481
-166.15808 7652.55983
-614.68974 7680.66577
-669.43068 7708.34825
150.92998 7738.95663
185.67261 7771.56349
-26.13560 7802.02275
97.79370 7833.45124
248.15864 7861.07925
91.80788 7891.35348
124.99517 7922.55824
-16.34303 7952.00183
-142.18347 7980.93945
220.28038 8007.76782
197.60291 8035.01534
-108.74693 8062.31233
-128.69733 8089.87594
219.44508 8117.24326
373.79168 8144.52304
331.52473 8171.90325
323.44804 8199.19472
248.20267 8227.12794
10.91047 8257.10391
-37.15777 8286.90680
158.52375 8314.96541
208.45758 8347.69021
