12.70069
24.31776
35.91706
47.60385
59.27787
82.11177
104.95902
127.93872
150.88990
173.91781
196.81182
219.71910
242.60656
265.59535
288.75526
311.88305
335.13584
358.38129
381.45639
404.66086
428.00133
451.09763
474.35347
497.46526
520.65594
543.73552
566.84190
589.94004
613.25325
636.33363
659.69782
682.89452
706.17256
729.22952
752.52628
775.91163
799.15196
822.46182
845.72898
868.93622
892.46876
915.75784
939.01030
962.16334
985.39482
1008.57939
1032.00173
1055.38359
1078.59525
1101.78147
1125.40642
1148.79279
1172.15697
1195.30078
1218.82276
1242.20791
1265.55788
1288.88100
1313.05206
1336.32763
1360.52807
1383.96292
1407.36181
1430.72156
1454.59218
1477.95237
1501.61915
1525.09101
1548.74001
1577.52706
1601.57827
1625.28635
1648.99990
1672.51152
1696.14130
1719.73637
1743.24015
1766.86200
1790.45546
1814.06525
1837.72462
1861.34324
1885.00034
1908.53833
1932.25192
1955.96299
1979.54404
2003.20716
2026.74604
2050.49839
2074.52342
2098.23566
2121.87484
2145.63130
2169.39965
2193.06679
2216.74619
2240.43184
2264.23736
2287.97252
2311.91601
2335.64776
2359.39607
2383.14123
2406.84272
2430.60679
2454.57973
2478.88631
2502.82840
2527.59383
2551.58404
2575.54975
2599.49371
2623.38230
2647.27672
2671.15751
2695.18859
2719.21018
2743.37971
2767.58063
2791.64155
2815.97554
2840.02845
2864.16160
2888.43776
2912.29900
2936.41065
2960.65498
2984.68146
3008.88593
3033.58697
3058.24248
3082.69232
3107.36139
3131.82492
3156.20397
3180.97997
3205.57746
3230.29129
3255.00956
3279.69209
3304.41151
3329.27351
3354.08396
3378.96203
3403.63541
3428.52295
3453.47555
3478.21414
3503.05323
3527.87905
3552.86845
3577.66416
3602.58647
3628.06485
3653.06474
3678.06193
3703.15604
3728.30529
3753.32657
3778.71886
3803.65589
3828.44922
3853.34215
3878.20908
3903.20526
3928.36335
3953.48197
3978.46035
4003.46887
4028.60146
4053.65113
4078.97297
4104.07720
4129.25160
4154.40204
4179.64166
4204.99453
4230.51795
4255.87119
4281.32146
4306.71351
4331.92216
4357.40862
4382.91828
4408.37156
4433.82053
4459.22737
4484.56658
4509.92774
4535.64666
4561.22708
4586.66860
4612.13559
4637.68640
4663.22111
4689.10109
4714.60239
4740.29937
4766.00111
4791.74314
4817.40063
4843.15030
4868.91548
4894.70263
4920.61116
4946.87763
4972.72900
4998.49722
5024.23444
5050.00324
5075.79039
5101.62047
5127.63052
5153.60577
5179.76280
5205.87301
5231.87573
5257.74883
5283.67381
5309.77071
5335.98788
5362.15501
5388.26531
5414.62220
5440.71972
5467.15378
5493.55749
5519.89765
5545.97125
5572.42001
5598.75483
5625.20523
5651.60913
5677.90130
5704.41803
5730.59461
5756.90591
5783.33143
5809.85487
5836.18787
5862.61040
5889.10933
5915.58346
5942.29708
5968.85853
5995.43216
6022.09180
6048.84324
6075.49220
6102.45641
6129.26138
6155.99445
6182.68783
6209.46104
6236.15106
6262.92187
6289.70631
6316.52864
6343.37870
