12.70069
11.61707
11.59929
11.68679
11.67403
22.83390
22.84725
22.97970
22.95118
23.02791
22.89401
22.90728
22.88746
22.98879
23.15991
23.12779
23.25278
23.24546
23.07509
23.20447
23.34047
23.09629
23.25585
23.11179
23.19068
23.07958
23.10638
23.09815
23.31320
23.08038
23.36419
23.19670
23.27804
23.05697
23.29676
23.38535
23.24033
23.30986
23.26716
23.20724
23.53254
23.28908
23.25247
23.15304
23.23147
23.18458
23.42234
23.38185
23.21166
23.18622
23.62495
23.38638
23.36417
23.14382
23.52197
23.38515
23.34997
23.32312
24.17106
23.27558
24.20043
23.43486
23.39889
23.35975
23.87062
23.36019
23.66678
23.47186
23.64900
28.78705
24.05121
23.70808
23.71355
23.51162
23.62978
23.59507
23.50378
23.62185
23.59346
23.60979
23.65937
23.61861
23.65710
23.53800
23.71359
23.71106
23.58105
23.66312
23.53889
23.75234
24.02503
23.71223
23.63918
23.75646
23.76835
23.66714
23.67940
23.68565
23.80553
23.73515
23.94349
23.73175
23.74831
23.74517
23.70148
23.76408
23.97294
24.30658
23.94209
24.76543
23.99021
23.96571
23.94396
23.88858
23.89442
23.88079
24.03108
24.02159
24.16954
24.20091
24.06093
24.33398
24.05291
24.13315
24.27616
23.86124
24.11165
24.24433
24.02648
24.20447
24.70104
24.65551
24.44985
24.66907
24.46352
24.37905
24.77601
24.59749
24.71383
24.71827
24.68253
24.71941
24.86200
24.81045
24.87808
24.67337
24.88755
24.95259
24.73860
24.83909
24.82581
24.98940
24.79571
24.92231
25.47838
24.99989
24.99719
25.09411
25.14925
25.02128
25.39229
24.93703
24.79333
24.89293
24.86693
24.99618
25.15809
25.11862
24.97838
25.00852
25.13259
25.04968
25.32184
25.10423
25.17440
25.15044
25.23962
25.35288
25.52342
25.35324
25.45027
25.39205
25.20865
25.48646
25.50967
25.45327
25.44898
25.40684
25.33921
25.36116
25.71892
25.58042
25.44152
25.46699
25.55081
25.53471
25.87998
25.50130
25.69698
25.70174
25.74203
25.65748
25.74968
25.76517
25.78716
25.90853
26.26647
25.85136
25.76822
25.73723
25.76880
25.78715
25.83008
26.01004
25.97525
26.15703
26.11022
26.00271
25.87311
25.92498
26.09690
26.21717
26.16713
26.11030
26.35689
26.09753
26.43406
26.40371
26.34016
26.07361
26.44875
26.33482
26.45040
26.40390
26.29218
26.51672
26.17659
26.31130
26.42552
26.52344
26.33300
26.42253
26.49893
26.47413
26.71362
26.56144
26.57364
26.65964
26.75144
26.64896
26.96421
26.80497
26.73308
26.69338
26.77321
26.69002
26.77081
26.78443
26.82234
26.85006
