-245.91845
-288.83794
-425.25146
-584.46346
-475.08345
-186.16837
194.06020
354.36587
358.58062
216.21845
195.67840
176.83987
253.17223
228.53685
350.82188
496.11982
103.44401
209.50302
324.57628
553.64580
673.58015
621.92596
720.34959
519.43418
627.70699
672.36297
759.24874
940.52192
683.11660
904.89535
796.80009
988.98954
1110.64320
961.81471
732.58603
780.33215
720.36866
769.85027
849.03098
1190.70420
501.80421
952.70718
1094.79539
1085.35825
1083.89982
1003.49544
667.68265
792.85102
1106.16854
1041.66468
953.38858
1065.51767
945.98618
915.37532
1023.25627
1017.73109
914.46343
1147.36862
955.51589
804.57984
633.04614
1114.55779
872.51003
828.65516
1024.35179
1151.85709
1007.85261
1007.46363
1148.79647
1272.02088
1213.79387
1146.84104
1193.81990
920.15001
1234.51216
1260.23999
1177.67988
857.01695
951.78269
981.00404
1007.50801
1129.62026
1162.92226
1145.64912
822.68120
1090.89701
1070.36361
1114.08725
1081.67771
1267.41504
1155.55271
867.10020
1146.82863
1168.92233
995.77971
991.88467
924.09507
1161.92874
1147.06712
1027.73529
1002.12578
889.55125
973.02931
1013.88655
1092.36252
918.44936
1040.19548
1093.40702
1020.11067
1068.08027
1055.11373
828.28448
1064.76200
1036.31325
1055.85665
1106.12404
1065.21623
913.91871
972.80013
1117.67755
1199.76002
981.96577
853.82359
1087.06535
1125.28263
1171.37592
1058.09897
879.71424
1071.48464
785.81098
953.36173
1016.42772
1099.70930
832.67680
802.24099
897.42840
1096.30480
1125.26473
953.47205
1085.71045
1225.31439
1001.89488
987.57761
1073.95944
881.30001
705.76436
636.07027
1086.42347
1032.66718
1108.54333
1061.13117
1147.94173
1264.62189
1053.04971
1089.64125
1125.45174
1136.35046
1174.70174
1058.53297
1045.55860
1343.13851
980.55041
689.04232
1260.94156
1116.81085
1049.53171
1050.22708
1185.99741
1232.40684
939.33250
946.46746
1073.05915
1117.46542
1102.17319
877.41420
760.53526
949.71153
752.06872
1068.36398
1051.70546
1120.70155
1035.15236
795.18044
1106.20741
1256.67216
1232.19041
1220.28928
911.07862
1033.80762
971.09082
1204.90381
1160.03255
1135.76691
1125.15352
1096.22629
982.59916
1232.83625
954.35653
1240.81573
1186.87690
1125.17250
1285.98914
1161.23267
1265.66957
1073.70352
983.55188
912.75863
1171.52846
1224.60750
1144.81319
1243.39048
1153.23727
1250.92829
1161.92101
1269.94323
1258.65404
1054.25820
1246.82749
1190.42050
1166.88795
1262.40481
1248.52626
1198.80892
1090.38536
1032.34082
742.38596
675.05711
1044.60064
1202.66605
1100.78499
1353.65446
1135.11420
1165.02953
1217.80180
1073.61455
1212.65673
1197.35327
1000.70115
1211.85633
1112.23844
820.33910
935.76156
1319.37184
1175.12951
1070.88839
1346.74132
1066.80974
915.49733
1194.33195
1199.03366
802.78213
1141.75315
1135.85932
1194.58178
1229.73842
1292.87947
1314.59418
1212.00287
1191.13242
1173.62095
