-245.91845 12.70069
-288.83794 24.31776
-425.25146 35.91706
-584.46346 47.60385
-475.08345 59.27787
-186.16837 82.11177
194.06020 104.95902
354.36587 127.93872
358.58062 150.88990
216.21845 173.91781
195.67840 196.81182
176.83987 219.71910
253.17223 242.60656
228.53685 265.59535
350.82188 288.75526
496.11982 311.88305
103.44401 335.13584
209.50302 358.38129
324.57628 381.45639
553.64580 404.66086
673.58015 428.00133
621.92596 451.09763
720.34959 474.35347
519.43418 497.46526
627.70699 520.65594
672.36297 543.73552
759.24874 566.84190
940.52192 589.94004
683.11660 613.25325
904.89535 636.33363
796.80009 659.69782
988.98954 682.89452
1110.64320 706.17256
961.81471 729.22952
732.58603 752.52628
780.33215 775.91163
720.36866 799.15196
769.85027 822.46182
849.03098 845.72898
1190.70420 868.93622
501.80421 892.46876
952.70718 915.75784
1094.79539 939.01030
1085.35825 962.16334
1083.89982 985.39482
1003.49544 1008.57939
667.68265 1032.00173
792.85102 1055.38359
1106.16854 1078.59525
1041.66468 1101.78147
953.38858 1125.40642
1065.51767 1148.79279
945.98618 1172.15697
915.37532 1195.30078
1023.25627 1218.82276
1017.73109 1242.20791
914.46343 1265.55788
1147.36862 1288.88100
955.51589 1313.05206
804.57984 1336.32763
633.04614 1360.52807
1114.55779 1383.96292
872.51003 1407.36181
828.65516 1430.72156
1024.35179 1454.59218
1151.85709 1477.95237
1007.85261 1501.61915
1007.46363 1525.09101
1148.79647 1548.74001
1272.02088 1577.52706
1213.79387 1601.57827
1146.84104 1625.28635
1193.81990 1648.99990
920.15001 1672.51152
1234.51216 1696.14130
1260.23999 1719.73637
1177.67988 1743.24015
857.01695 1766.86200
951.78269 1790.45546
981.00404 1814.06525
1007.50801 1837.72462
1129.62026 1861.34324
1162.92226 1885.00034
1145.64912 1908.53833
822.68120 1932.25192
1090.89701 1955.96299
1070.36361 1979.54404
1114.08725 2003.20716
1081.67771 2026.74604
1267.41504 2050.49839
1155.55271 2074.52342
867.10020 2098.23566
1146.82863 2121.87484
1168.92233 2145.63130
995.77971 2169.39965
991.88467 2193.06679
924.09507 2216.74619
1161.92874 2240.43184
1147.06712 2264.23736
1027.73529 2287.97252
1002.12578 2311.91601
889.55125 2335.64776
973.02931 2359.39607
1013.88655 2383.14123
1092.36252 2406.84272
918.44936 2430.60679
1040.19548 2454.57973
1093.40702 2478.88631
1020.11067 2502.82840
1068.08027 2527.59383
1055.11373 2551.58404
828.28448 2575.54975
1064.76200 2599.49371
1036.31325 2623.38230
1055.85665 2647.27672
1106.12404 2671.15751
1065.21623 2695.18859
913.91871 2719.21018
972.80013 2743.37971
1117.67755 2767.58063
1199.76002 2791.64155
981.96577 2815.97554
853.82359 2840.02845
1087.06535 2864.16160
1125.28263 2888.43776
1171.37592 2912.29900
1058.09897 2936.41065
879.71424 2960.65498
1071.48464 2984.68146
785.81098 3008.88593
953.36173 3033.58697
1016.42772 3058.24248
1099.70930 3082.69232
832.67680 3107.36139
802.24099 3131.82492
897.42840 3156.20397
1096.30480 3180.97997
1125.26473 3205.57746
953.47205 3230.29129
1085.71045 3255.00956
1225.31439 3279.69209
1001.89488 3304.41151
987.57761 3329.27351
1073.95944 3354.08396
881.30001 3378.96203
705.76436 3403.63541
636.07027 3428.52295
1086.42347 3453.47555
1032.66718 3478.21414
1108.54333 3503.05323
1061.13117 3527.87905
1147.94173 3552.86845
1264.62189 3577.66416
1053.04971 3602.58647
1089.64125 3628.06485
1125.45174 3653.06474
1136.35046 3678.06193
1174.70174 3703.15604
1058.53297 3728.30529
1045.55860 3753.32657
1343.13851 3778.71886
980.55041 3803.65589
689.04232 3828.44922
1260.94156 3853.34215
1116.81085 3878.20908
1049.53171 3903.20526
1050.22708 3928.36335
1185.99741 3953.48197
1232.40684 3978.46035
939.33250 4003.46887
946.46746 4028.60146
1073.05915 4053.65113
1117.46542 4078.97297
1102.17319 4104.07720
877.41420 4129.25160
760.53526 4154.40204
949.71153 4179.64166
752.06872 4204.99453
1068.36398 4230.51795
1051.70546 4255.87119
1120.70155 4281.32146
1035.15236 4306.71351
795.18044 4331.92216
1106.20741 4357.40862
1256.67216 4382.91828
1232.19041 4408.37156
1220.28928 4433.82053
911.07862 4459.22737
1033.80762 4484.56658
971.09082 4509.92774
1204.90381 4535.64666
1160.03255 4561.22708
1135.76691 4586.66860
1125.15352 4612.13559
1096.22629 4637.68640
982.59916 4663.22111
1232.83625 4689.10109
954.35653 4714.60239
1240.81573 4740.29937
1186.87690 4766.00111
1125.17250 4791.74314
1285.98914 4817.40063
1161.23267 4843.15030
1265.66957 4868.91548
1073.70352 4894.70263
983.55188 4920.61116
912.75863 4946.87763
1171.52846 4972.72900
1224.60750 4998.49722
1144.81319 5024.23444
1243.39048 5050.00324
1153.23727 5075.79039
1250.92829 5101.62047
1161.92101 5127.63052
1269.94323 5153.60577
1258.65404 5179.76280
1054.25820 5205.87301
1246.82749 5231.87573
1190.42050 5257.74883
1166.88795 5283.67381
1262.40481 5309.77071
1248.52626 5335.98788
1198.80892 5362.15501
1090.38536 5388.26531
1032.34082 5414.62220
742.38596 5440.71972
675.05711 5467.15378
1044.60064 5493.55749
1202.66605 5519.89765
1100.78499 5545.97125
1353.65446 5572.42001
1135.11420 5598.75483
1165.02953 5625.20523
1217.80180 5651.60913
1073.61455 5677.90130
1212.65673 5704.41803
1197.35327 5730.59461
1000.70115 5756.90591
1211.85633 5783.33143
1112.23844 5809.85487
820.33910 5836.18787
935.76156 5862.61040
1319.37184 5889.10933
1175.12951 5915.58346
1070.88839 5942.29708
1346.74132 5968.85853
1066.80974 5995.43216
915.49733 6022.09180
1194.33195 6048.84324
1199.03366 6075.49220
802.78213 6102.45641
1141.75315 6129.26138
1135.85932 6155.99445
1194.58178 6182.68783
1229.73842 6209.46104
1292.87947 6236.15106
1314.59418 6262.92187
1212.00287 6289.70631
1191.13242 6316.52864
1173.62095 6343.37870
