0.000000000000000000e+00
5.610521235675372509e+01
6.723827022078843640e+01
4.266134409885312806e+01
3.449166509240830436e+01
5.441248741127488131e+01
5.598333075929508595e+01
9.424113947588858764e+01
3.991888697055565416e+01
3.558933214485534080e+01
2.038750870948294747e+01
2.669296626566336172e+01
2.445878430863147202e+01
2.055126120369676457e+01
3.968604874119708370e+01
4.427886761535654614e+01
3.104021440931106213e+01
3.289554968956393566e+01
3.343067110202745340e+01
3.980979285344747609e+01
3.988142798459413285e+01
3.775088399484140922e+01
2.237993141877040060e+01
3.318240827316304831e+01
1.931740053828671577e+01
1.100127965727054971e+02
1.838326033321452968e+01
2.288955610641840011e+01
1.728047485585129195e+01
2.314467575711942970e+01
2.244784088043410364e+01
2.594275761771059052e+01
2.685816383899860682e+01
1.886729766597520808e+01
4.215985404330584174e+01
1.934886035643512869e+01
2.051926085304797454e+01
3.416182743119212262e+01
2.524807353625090656e+01
3.720766180716887561e+01
2.368311405750714727e+01
2.691332165672257304e+01
9.011973896157591923e+01
2.264550409734620473e+01
2.281559790418171474e+01
6.173718692214504244e+01
7.793086258780908793e+01
3.614242850897326775e+01
7.871115158767457842e+01
3.158208272445397213e+01
3.851268337500030015e+01
3.053176407143894977e+01
2.932228197884272802e+01
3.586532483283034622e+01
2.462794330121493402e+01
4.103391567522738370e+01
3.209036435372327389e+01
2.871560211365643767e+01
2.336664501416134954e+01
1.943942415846766991e+01
3.912475380466782582e+01
6.309945399454633730e+01
3.772134069589727545e+01
3.144181600977243463e+01
2.446597360942946864e+01
4.993258724152939720e+01
4.052770163840738604e+01
2.235168635463200459e+01
5.269169363072094825e+01
3.706609092000625338e+01
4.184644970803407205e+01
2.958963574775930283e+01
6.230624155512905560e+01
6.238039737462098344e+01
3.861654474386234170e+01
5.210189422227904288e+01
3.280775543834793240e+01
3.887621331551477510e+01
4.587257318292450492e+01
2.551544542940478877e+01
2.719619499004930674e+01
6.331163000439165955e+01
5.671721049990964758e+01
3.344786503940385103e+01
4.263071665957853185e+01
4.418384090271341336e+01
4.541205725965873796e+01
3.272658755572142297e+01
3.872037846125390814e+01
4.649228006722850637e+01
3.440305622910667438e+01
3.506157601612595442e+01
6.687016990465373567e+01
4.678544499593861161e+01
2.641258411457663868e+01
3.354512066133918324e+01
3.819893465469228744e+01
2.330822350863531156e+01
5.730924487595219574e+01
5.827665659853067837e+01
2.158611432356750015e+01
2.308974833524626291e+01
5.711639223858758641e+01
2.796809210498156872e+01
3.539734332758746405e+01
2.375052510183361676e+01
3.198738979348863865e+01
1.079208629566783486e+02
4.250425834153174520e+01
3.880728427601085428e+01
1.771420198531724921e+01
5.598458057745146732e+01
5.276750363866158011e+01
4.399357698996949040e+01
4.626984904770230145e+01
5.254229800546656293e+01
5.268452819110952845e+01
6.033796856518874563e+01
4.861430187624548438e+01
7.567604102904351748e+01
2.381559096820908294e+01
4.745912314293041590e+01
4.105937676511206291e+01
3.310623226766729488e+01
3.686690482669688862e+01
3.490298340688014633e+01
5.587363102375817192e+01
3.298354483993111330e+01
3.016580945609976538e+01
3.030243147882007904e+01
2.400696745269328503e+01
6.555345600058450373e+01
2.485081408065689956e+01
2.626199436627798534e+01
3.485214529304215603e+01
3.897097421623833924e+01
3.960475390726838896e+01
6.680923229504634264e+01
2.536310379110843272e+01
2.496295150250401917e+01
5.196868869057222184e+01
3.974141771184213212e+01
6.127121552340886979e+01
5.387875951549560938e+01
4.337994849981194534e+01
3.770118599822184535e+01
2.227603318681297395e+01
4.021788331618854784e+01
4.681940551142889007e+01
3.630187113118819298e+01
3.017599663389912834e+01
2.695600139581117105e+01
3.870036400317796677e+01
4.180396766755724514e+01
2.758296899828740578e+01
5.470658491128932610e+01
2.825952953738181961e+01
5.877333080495092332e+01
2.809964574307249663e+01
2.848776943347945689e+01
3.724008109176318726e+01
4.194051077584197884e+01
3.980640339369850977e+01
4.443958050995670561e+01
8.519397732961310510e+01
5.207893232160501640e+01
3.752857424196114522e+01
2.822655777802145138e+01
5.871450440525135406e+01
3.085671230964308620e+01
3.066816608102331188e+01
3.426519137770907975e+01
4.532363329970528554e+01
3.770928049466110110e+01
4.090285359611900162e+01
4.314445620510447554e+01
3.991072410431860362e+01
3.556707951660290945e+01
9.399683241905025000e+01
4.577412364610189144e+01
5.277972878783242550e+01
5.741354463633985716e+01
6.138679751065334500e+01
7.537660664489528983e+01
2.683088565937844194e+01
4.533079966563266794e+01
3.405907247977203411e+01
5.319467200722046840e+01
3.976202044011029813e+01
4.265254463855781353e+01
2.906614021959065042e+01
2.941667743880189789e+01
8.129020614411247436e+01
3.826618313722021014e+01
3.172916553845259813e+01
3.907275609861731169e+01
3.481993576902319631e+01
9.095985591463332298e+01
3.056585129469252848e+01
3.892862380345057005e+01
3.620487640093364945e+01
4.331207669430433782e+01
4.741952839319286284e+01
4.734411285580258522e+01
9.312962770328326201e+01
3.208178430145992621e+01
2.974996849613285121e+01
4.301822787593931707e+01
7.287238892892885644e+01
5.725756566055447649e+01
4.699882452800452626e+01
3.176201104971638145e+01
4.238607094882664228e+01
3.158708635916270424e+01
2.180265195410810719e+01
3.186176015239689008e+01
3.019360330920905966e+01
2.815179615662012935e+01
4.325279694544573061e+01
2.518737633822282262e+01
5.750158887543504704e+01
8.227626467085335094e+01
3.122812236836133337e+01
2.349892789637817003e+01
3.426358045191100388e+01
4.214403730645595658e+01
5.560208645056613364e+01
5.748985057420075862e+01
5.029631281811695942e+01
3.540678162941626539e+01
4.297097274892167462e+01
3.024824383041033471e+01
6.583723761185370904e+01
3.709805080626460949e+01
4.724516866392183090e+01
7.727296129648364342e+01
2.726131991545746658e+01
2.522385360183312031e+01
7.217844011460550746e+01
4.341618253247994375e+01
4.370683226341481742e+01
3.855735232142266966e+01
8.022645010329203785e+01
1.755874662409906151e+01
4.179792412448433225e+01
2.493451691941860560e+01
4.181529115016318343e+01
4.947939022906690809e+01
2.386918038690063781e+01
2.387989753281675931e+01
6.087865570337984877e+01
4.328583331450859362e+01
2.605701105500029158e+01
3.878498311555641465e+01
4.809785390422366902e+01
3.476958776769455284e+01
3.421369635514788143e+01
3.878388620814199328e+01
3.967401533208180808e+01
3.237553956840530134e+01
7.299506211627759455e+01
3.448754269787774263e+01
2.684691493610321444e+01
6.778338128577681232e+01
2.981641986794695498e+01
2.869325925361983209e+01
5.060354566250832420e+01
3.535119599521757294e+01
4.268822868029916151e+01
3.925700865835391795e+01
7.019654835012772764e+01
3.616581468342327810e+01
3.059291799892061192e+01
4.296015842251805594e+01
2.315571579026672921e+01
4.100567929647529297e+01
5.047822496270546111e+01
3.799656012656252813e+01
4.380768266159802238e+01
3.194439233842255277e+01
3.718975838229796693e+01
4.870051744571274810e+01
5.617780301996623393e+01
2.593540129822326179e+01
7.473425089905668983e+01
1.037467550833069225e+02
4.077519014170811573e+01
3.000279880054237225e+01
4.377940145132352967e+01
3.843617834453676352e+01
4.424858045928274208e+01
5.159052833536975413e+01
3.252979249163995235e+01
5.201483169989833044e+01
2.906831848255785644e+01
5.048785165677834641e+01
4.135354605443160381e+01
6.591219507287286206e+01
3.306661736043007949e+01
4.501795389402685288e+01
2.771704901806805665e+01
3.009340279612684199e+01
3.303334518033202016e+01
5.163296404345950918e+01
3.623845957826504360e+01
5.544891866043025175e+01
4.738994207391657909e+01
3.737721992874532617e+01
3.696066973350868778e+01
6.546741265184023462e+01
2.855129885667609457e+01
5.874409728038027367e+01
2.721095413335456925e+01
5.409900552162800125e+01
2.677173313579837099e+01
5.514118249833059338e+01
3.093936240561411921e+01
3.742491438900742651e+01
3.534639435902720805e+01
8.339330688595555330e+01
6.680674963994631810e+01
4.178207023987332747e+01
3.270305299961606238e+01
6.025765585052349849e+01
5.023816009084569600e+01
3.328723656860400126e+01
5.618018600745690350e+01
2.590520478625284539e+01
1.034063635958528948e+02
4.015456314724525555e+01
3.985686918914023380e+01
4.534483533655376419e+01
4.565542321499413703e+01
3.745656803100085597e+01
3.026652346119810488e+01
6.094445071844708650e+01
6.282970623864480331e+01
3.205798930811697289e+01
3.218079588166754945e+01
5.902673025452196498e+01
4.826750744843261032e+01
5.384229930505190964e+01
3.929507272434772602e+01
3.905392037618321410e+01
6.441099650441519486e+01
3.764458322151494940e+01
3.322122938845761553e+01
2.424621074453814984e+01
3.793655781691745688e+01
3.959379812982075464e+01
3.542395550315754349e+01
4.172112488420007992e+01
4.864448598769973131e+01
2.982066211975232051e+01
3.499456118737126076e+01
7.299931731979704352e+01
4.356194725822351899e+01
3.908328158916931017e+01
3.988205538980198384e+01
4.196374113775054582e+01
4.100627303986099292e+01
3.144476087065682535e+01
4.280359204517482397e+01
3.291021432640492606e+01
3.795355214612192185e+01
2.716583431491899603e+01
6.168063812672016866e+01
4.467661128349225663e+01
2.783262407284290774e+01
2.975394931040831636e+01
3.063247117859923918e+01
3.318260360145455223e+01
2.625381060018370860e+01
4.084199572296211755e+01
4.088714346708887604e+01
6.989853660439743521e+01
4.703571615104880266e+01
5.214640261291987144e+01
4.125064959264893361e+01
3.725069596691622564e+01
7.890525994003888854e+01
3.442010542123658468e+01
3.229932227667172384e+01
2.368533341091256617e+01
7.625735262427819805e+01
3.342225118502294379e+01
3.249244114157953334e+01
4.064224189527826070e+01
5.776464800263634203e+01
6.599620224755850018e+01
8.550421057680512149e+01
6.087759517468387571e+01
3.623067742654640000e+01
3.593423213328807009e+01
6.183243720470407823e+01
4.135132447782194731e+01
2.795766560192260286e+01
5.346597310571962680e+01
3.687446107569705589e+01
6.340175256876332099e+01
4.763493639337394114e+01
4.765481909243488445e+01
4.040134312883237300e+01
5.462524119499494191e+01
4.735588130575093402e+01
2.839138262677171198e+01
5.747057124509946391e+01
5.119914404914398176e+01
4.919393078875806680e+01
3.726469353676760932e+01
3.583839692118035458e+01
4.096353935955377779e+01
4.385391278277622717e+01
2.780380012079173468e+01
4.829213509381074942e+01
4.381960362740426262e+01
2.924286636900924208e+01
6.132505928592255628e+01
5.423583283363371521e+01
4.766002780873065348e+01
4.496172233226232606e+01
6.480756795592157005e+01
3.128751046099858968e+01
5.019884947531223673e+01
4.293233269505286387e+01
3.680185802281005181e+01
5.305339318821734906e+01
4.569540192926689315e+01
3.000642864030356094e+01
3.566462015459849511e+01
2.743156778934430662e+01
5.787124913441488872e+01
7.669577665115453158e+01
3.960781527013092074e+01
3.778421375732128240e+01
5.282382823350671686e+01
3.728846456801180409e+01
3.845175051519853326e+01
4.174026768530032427e+01
6.902475743998746793e+01
3.205792832959740934e+01
5.672736732446040264e+01
3.080568713029952477e+01
5.371707877059899516e+01
3.528632210623176491e+01
3.735927990622246142e+01
3.633259894352409702e+01
3.947811934058177030e+01
4.552612442809756743e+01
3.615889222052082630e+01
3.512937896760821133e+01
2.255789252277126522e+01
2.528442250930385171e+01
7.995621466040911685e+01
2.343446098684825429e+01
4.193163812947949509e+01
3.922806160839092371e+01
5.021619818338048447e+01
6.431152193280017570e+01
4.214126211771336727e+01
2.694711224422944085e+01
3.276737809244791322e+01
4.275308153292729685e+01
4.922372096494993343e+01
6.607554664545345702e+01
3.420105777779323830e+01
3.527711983497659531e+01
7.640327979807655367e+01
1.149061576671621765e+02
4.151824177409574190e+01
3.244341889019547409e+01
6.378283014721458954e+01
5.505265618195001309e+01
5.911570943548331769e+01
3.864381708994940823e+01
4.241779958192446287e+01
4.811208600624304665e+01
4.010381200644289379e+01
5.767641724938238212e+01
3.526252893710307035e+01
5.377106094351520227e+01
5.395359538660295584e+01
3.454141094122356748e+01
3.756976267754316012e+01
4.249971485142880567e+01
5.511896481847798412e+01
3.495330418014887641e+01
3.070626371473647964e+01
2.908714840454335260e+01
1.051018731801841994e+02
3.336996485995844353e+01
6.768407111344242821e+01
3.646338377324362767e+01
6.575413193253959321e+01
6.076963217827741914e+01
6.995727470888778043e+01
2.746805522075040429e+01
3.505360064759116767e+01
5.983982625652886611e+01
4.893536977467434923e+01
5.084063653494162338e+01
5.751497011854899455e+01
3.021204661274238390e+01
2.072166250157498268e+01
3.113709161795687663e+01
3.766673078401951358e+01
4.252792930539875726e+01
4.338825890525216522e+01
4.775361466268360289e+01
8.043948926955403067e+01
2.208648106663993005e+01
8.651220628148499259e+01
5.644602386198592114e+01
5.170039256952123452e+01
2.789203800548884260e+01
3.778256403572779476e+01
2.688700170839058501e+01
4.192785763386217468e+01
4.505280707718856092e+01
3.387433992976392005e+01
4.642829207354927235e+01
5.897060757734008263e+01
4.032581820200337575e+01
6.187766281534543111e+01
3.298890458003351256e+01
4.198124433153400759e+01
5.592957740814135548e+01
5.110658310558405759e+01
6.492037422101944344e+01
1.897960953557440078e+01
4.301281762261112362e+01
4.493527711120140822e+01
3.241193812956705500e+01
7.556252867704725418e+01
2.539834559561263205e+01
4.960581851369060047e+01
3.114358940584391533e+01
6.276410438215872034e+01
3.943469196557219192e+01
5.100737886543623745e+01
3.220814973994644248e+01
4.848498761644149369e+01
4.000895408762848859e+01
8.793895782975019415e+01
4.393670990169977841e+01
6.093097983839113851e+01
6.573016009548612715e+01
4.356773052572611249e+01
3.817576795351774877e+01
5.892213508650036857e+01
7.199099473853225106e+01
4.600576473369573449e+01
5.452322125818844256e+01
4.459921224221974256e+01
4.244121043258768111e+01
6.765073005775337833e+01
3.331192396322391147e+01
4.442282573447354821e+01
3.473926272421746120e+01
5.131933139568789670e+01
7.715732885158281817e+01
3.939536790127021249e+01
3.333638588683317749e+01
2.512518998360596001e+01
6.924682816715596800e+01
4.152952437552708176e+01
6.303473511732086365e+01
7.136655689491156807e+01
3.471159150403629923e+01
6.556384375479318294e+01
6.797768824657012487e+01
5.966659807952613193e+01
4.403660923911602509e+01
5.142058511230963092e+01
3.651459735015986041e+01
6.293790113427616006e+01
3.602706824799987118e+01
5.593018005202527121e+01
7.336425882826978295e+01
5.855980326596169760e+01
4.866370457062601673e+01
6.743194931335732178e+01
2.970258929934726666e+01
1.141946707011524751e+02
3.171216449767385726e+01
6.903088931462876587e+01
8.164481645890157324e+01
3.060283270000225642e+01
8.264248984554717481e+01
4.807550235778066394e+01
4.727635428438848209e+01
5.186031658900730434e+01
6.056296178499181337e+01
1.058208726262915889e+02
9.455660150951261755e+01
3.111706725124317785e+01
8.713260228538473484e+01
3.679639781089684902e+01
4.427519122038298605e+01
3.230699852910701964e+01
2.672571813800080065e+01
3.590899574563596985e+01
8.728278502622687540e+01
4.402548248385626550e+01
5.490374369435905777e+01
6.277691749104393892e+01
8.282077998093008375e+01
2.563707483207311100e+01
5.659192288635617984e+01
5.602655578563980043e+01
7.495755068549377143e+01
5.202541561291901928e+01
8.813719661583729703e+01
4.988449222371561120e+01
4.431536357092482348e+01
3.502757799739170963e+01
5.707618817436465974e+01
5.370798415272703608e+01
6.426886698206944004e+01
7.943487391065895054e+01
6.148831893728922893e+01
5.852805048772080454e+01
1.215009704302004820e+02
7.381271268466510094e+01
6.360168119403071785e+01
1.179826667384592724e+02
4.058910435618141577e+01
5.074772527252742549e+01
6.513424248710411746e+01
4.359853930833493507e+01
8.089914419325673123e+01
5.556359330423668297e+01
5.294069263627138611e+01
4.885584834292440348e+01
4.698153561187244520e+01
8.843283872840332549e+01
4.688714655680576016e+01
5.630258388003352366e+01
2.750133521329287589e+01
3.486239004199086366e+01
6.320284209331462932e+01
1.289756354658999555e+02
5.650551645600332051e+01
6.011778693967564635e+01
3.257953316348840644e+01
6.489145555422527423e+01
5.578143891687485478e+01
6.057770381704101936e+01
5.378343703712498325e+01
8.049314134457473813e+01
3.452359197949640901e+01
6.752890793134979219e+01
6.565540684941203153e+01
4.046235730322960933e+01
5.207006068811950428e+01
5.188445747939726260e+01
5.311502572927584964e+01
1.021245510136113666e+02
1.232499169447355030e+02
8.565968218350421637e+01
5.636159041797024827e+01
4.494303415388925771e+01
1.062482544566577900e+02
3.637863723083914635e+01
5.237511129740539673e+01
4.969874290588420251e+01
6.591383482737523991e+01
5.866728420550298040e+01
5.272885324330852086e+01
5.747596376334389845e+01
5.116289771322932722e+01
1.158256825963517400e+02
7.282605443288173319e+01
4.712628510659721570e+01
6.909422146326143377e+01
3.666105250163138152e+01
1.405313084153533794e+02
5.353818805176699414e+01
3.866833310736674889e+01
9.180880072777311796e+01
3.494081647748562602e+01
2.749042007348482741e+01
5.832997762470744618e+01
4.296263293907701097e+01
9.713536459837193604e+01
4.969292053976477774e+01
4.333475103188834510e+01
6.647273984139278014e+01
5.539610869898054091e+01
7.153919047432444245e+01
5.317529970526418737e+01
4.185519869971734863e+01
4.747263752699003447e+01
8.121961445846163485e+01
2.574038950316344909e+01
8.609841333911730032e+01
7.994515024858752383e+01
2.950605377915765359e+01
6.973856267895213534e+01
5.733034236108962745e+01
4.685443908915357270e+01
6.543338233221570022e+01
5.665936144331679714e+01
5.871331487140913197e+01
4.965150950281516629e+01
1.016838842153115507e+02
6.586135955399936392e+01
1.730497018247289134e+02
8.547963883348263892e+01
6.166709747021431554e+01
4.517088306065355852e+01
4.890004936286022996e+01
6.532872608341821774e+01
2.710028338649275526e+01
5.759959489019675516e+01
5.055260517321081437e+01
3.826983933706237906e+01
4.588153011538984316e+01
5.381895652314256040e+01
5.001341807917818727e+01
6.632377309342746230e+01
7.886531461339104965e+01
7.194947636437238714e+01
7.189356995584712706e+01
7.633542231446278947e+01
1.072592774725427915e+02
6.969608598271848621e+01
5.584062792892652283e+01
5.535476446310133980e+01
4.750401876429972958e+01
3.919511184519890890e+01
6.986716640409457568e+01
4.205951319799314092e+01
1.069098239042362337e+02
4.540763888015479921e+01
6.252704744173888685e+01
4.739451396096470148e+01
7.520370618450000677e+01
5.479774555565432337e+01
6.463418058923245724e+01
6.054274403713856856e+01
6.901074968992075753e+01
4.129222576386130328e+01
9.823217416204757058e+01
8.736616712749037106e+01
4.620001949778884409e+01
3.536820866059303370e+01
4.293175026046218079e+01
6.337018653259983836e+01
8.713500510622988315e+01
9.732886285773638235e+01
4.878452994124813813e+01
9.932622294967130472e+01
4.425053630332087096e+01
7.448303479495878321e+01
4.497341578307935350e+01
1.776559355580314445e+02
4.628741651755916564e+01
3.749601313449619511e+01
9.044255930904972729e+01
6.718482596944858187e+01
5.739237936142954766e+01
5.373235648206581772e+01
6.204872648775955213e+01
6.027615608674030057e+01
1.341364139606268679e+02
7.030800025658493269e+01
5.154505121104401155e+01
4.431084670445461882e+01
6.608645324404898247e+01
5.294749003135719079e+01
9.554988181679236448e+01
7.224632284276586347e+01
1.134059302412837837e+02
7.620596589210036598e+01
4.726593270768650257e+01
3.839213964670159385e+01
3.967872574150270992e+01
1.224678887266976233e+02
4.870440793762453069e+01
4.389683226346018330e+01
9.478348199387255590e+01
1.077134003239282976e+02
1.229746944769285903e+02
4.251337520373522949e+01
7.121226389363485509e+01
4.456156622476115814e+01
4.937504768126485288e+01
6.860129769179704340e+01
6.875796513549116185e+01
2.957789830574907697e+01
1.215214514323743344e+02
4.564349656012308287e+01
6.743003664908682993e+01
4.453755554794788196e+01
5.087271466924369179e+01
7.920994372115890769e+01
6.783756349349090442e+01
4.458833897562553261e+01
8.385831264085773284e+01
7.862666872134911955e+01
8.429014053688403862e+01
4.418660931507658773e+01
5.648457619405176899e+01
7.247096184685503317e+01
7.903125512118857898e+01
1.053335723197307061e+02
7.674627754259942947e+01
3.978745544363527387e+01
4.436483507044358987e+01
6.988208257305252857e+01
6.696159438954775567e+01
5.419402869115300803e+01
6.259032565552998761e+01
7.828563641993298461e+01
6.566414411453918376e+01
8.373120128704012188e+01
3.806601144045962570e+01
4.422068375141708430e+01
4.215325811291700120e+01
9.563697477565779081e+01
8.514918994162428589e+01
5.803113141983878620e+01
1.000430380355168154e+02
1.201345357510769958e+02
6.885539054127868042e+01
6.541192316606134227e+01
5.864151175470107802e+01
1.226500090379491894e+02
8.090238632418942188e+01
6.236959780731604042e+01
5.981962891112238623e+01
4.259263498847520424e+01
6.359712815585397294e+01
4.230632340248328660e+01
4.291469383149146211e+01
6.103326829119693997e+01
5.075142649318191701e+01
4.117224033800891192e+01
7.579192820844197342e+01
4.293073968475248137e+01
7.765155370148626446e+01
6.651713249290278895e+01
7.166448665347290614e+01
6.042320522447974440e+01
3.110920747488291127e+01
9.899954926765234120e+01
5.438333996964646389e+01
1.333599756828440377e+02
6.880623810988222999e+01
5.085592557191115759e+01
5.122454164732186399e+01
3.695003581875493381e+01
4.385145260757604291e+01
6.517180352902288121e+01
3.354282822979921264e+01
4.733908854866204052e+01
6.711493522502284748e+01
4.744278816338972149e+01
1.007404614018435609e+02
5.027587465064251404e+01
1.399062757489319324e+02
4.790113684970233265e+01
1.021253728034236588e+02
5.807466000232700054e+01
8.968552213125994399e+01
3.299957298799144922e+01
6.115001121306572429e+01
4.999669215980024717e+01
6.259791747777374837e+01
5.429056828917486399e+01
8.158514264420352902e+01
1.625637661485997967e+02
5.629998509201265477e+01
6.044203663926719372e+01
6.766762155988419636e+01
4.208400087834890968e+01
5.570443498045541730e+01
3.315706057737543233e+01
7.756523028034742140e+01
5.038581004488182913e+01
6.451477650318986434e+01
3.635707331785619090e+01
4.421727196018397876e+01
4.097047430941738355e+01
6.938054082826477043e+01
5.829801669272040954e+01
3.455817246050565217e+01
3.929697587703252992e+01
5.769684750848728072e+01
5.682217930311282572e+01
1.602878339511399304e+02
5.320838026338925175e+01
1.351510953283673757e+02
4.364129972427964788e+01
7.383273216570515274e+01
9.339558136430780166e+01
5.323671244416401294e+01
7.631138710867317343e+01
7.919441933294343983e+01
1.280872990166426177e+02
7.985881373700182451e+01
1.002096502317041882e+02
4.194756608632986428e+01
6.625964330340084985e+01
8.487555977684186814e+01
9.936651788173631417e+01
9.167343981230639827e+01
1.327494516535070375e+02
7.148871965962349861e+01
3.946289698381898603e+01
3.647656936689202212e+01
7.377359439795871765e+01
7.450899371863854981e+01
8.681270582777929690e+01
5.170471465412459366e+01
1.004278128647702317e+02
4.321140959790066205e+01
5.144485864598937042e+01
1.105726969365844923e+02
7.351415896400409622e+01
7.997853973786024540e+01
2.996283430970210659e+01
3.799937042579623636e+01
5.182212236480696532e+01
3.839796791700764089e+01
4.899996349723654987e+01
7.865064953368711542e+01
8.518418847870694322e+01
8.215805566806555760e+01
5.059688666234774956e+01
1.183198900265810920e+02
5.568504506518866748e+01
1.586868249605479946e+02
4.725622940470073274e+01
1.051830307388562886e+02
5.361040301763168259e+01
3.251372667433064123e+01
5.462729168115623679e+01
6.224315893669596989e+01
4.844365921852433132e+01
6.290362699545728731e+01
4.019344447887526428e+01
5.794525706113660135e+01
2.908346970187869829e+01
3.608652241971728358e+01
2.473324875142507651e+01
5.768814340623278980e+01
7.741958063419235714e+01
7.827945860565958469e+01
6.736494642933877230e+01
3.177589651668094461e+01
5.234747569371937459e+01
5.849338779645955100e+01
6.501566518663224770e+01
4.605110603259207380e+01
4.476682788806856905e+01
3.251913433934002029e+01
5.336732969106184754e+01
8.248309593771381287e+01
7.749454148752208482e+01
6.777360191882473828e+01
2.908902232563961476e+01
4.464202958706341917e+01
5.060566986995957706e+01
1.152323513710110205e+02
5.200795730003662953e+01
4.543617325847928612e+01
4.796369655080582106e+01
1.561563150096268373e+02
9.128229996626465947e+01
3.677928847651127597e+01
6.143747955119865622e+01
1.371715603612632322e+02
8.406567281736728603e+01
5.906853984270127711e+01
4.851964756416638380e+01
3.606875190885723015e+01
5.139882331188388065e+01
3.677600072879376114e+01
1.511309859806716815e+02
1.017808794683433575e+02
5.387990298726712268e+01
6.697354514686315952e+01
5.114012809074586130e+01
4.368862183642829677e+01
3.052074260108957660e+01
3.818102265874438928e+01
7.801410344266494690e+01
3.231179495100666088e+01
1.062143180353093896e+02
4.681330455446722283e+01
4.045493275290419888e+01
6.475260567739722717e+01
4.956094316411266476e+01
3.129585286198760485e+01
2.482712766184244657e+01
5.938508399444559416e+01
3.539602335811774481e+01
7.575955070200883767e+01
3.690998501773295004e+01
5.192234382668410575e+01
4.024762346188647655e+01
5.801040571074472751e+01
6.521667777567208191e+01
1.798437988701072925e+02
7.030915022671297265e+01
4.631281876924414576e+01
2.726768886966963379e+01
6.200416364379100997e+01
1.454469864641311005e+02
5.413372602662379052e+01
1.617106604856968772e+02
1.308184728745979726e+02
6.761754935258414889e+01
4.797776598002197090e+01
5.524838060704547615e+01
3.800236242022931776e+01
7.190658088395758796e+01
3.721028876574154509e+01
9.949992480809260087e+01
4.356218632945048341e+01
7.326096252572732226e+01
3.484431496141707640e+01
3.986317058650450917e+01
1.867142498780332005e+02
8.475405528246932363e+01
5.299537842399787735e+01
9.553702427697426458e+01
6.260749971316997176e+01
5.054637921485206675e+01
1.062796921294700212e+02
7.457796078481044333e+01
8.270445625244965981e+01
4.827759164083973076e+01
8.665887996203079524e+01
3.136784955182463364e+01
5.429275715117611867e+01
7.605121779513132196e+01
5.908894698614808760e+01
1.449621391353587683e+02
7.838975756518352966e+01
1.357039694033290118e+02
8.285048261450317852e+01
9.485592394195862198e+01
4.976742994903980133e+01
7.952590824266798109e+01
7.727446079112654331e+01
4.522341817637295946e+01
4.953707773100108369e+01
1.265740467573337042e+02
4.680400919590549336e+01
1.015482366145345168e+02
9.542575641053069546e+01
1.887315636654076911e+02
1.254490346653593633e+02
9.221841281904630705e+01
3.861605381183195362e+01
3.322852333844642914e+01
1.605763401510569111e+02
3.374891554138228855e+01
6.556711484186203620e+01
5.401843162945998955e+01
3.768919999624078088e+01
4.854022055053142282e+01
5.311228792374934926e+01
4.374838312810949503e+01
6.403164602909276937e+01
8.181970843422863027e+01
4.799321683532753724e+01
4.815118135676809885e+01
4.307471398819816955e+01
6.194878399316695550e+01
9.098431323263464776e+01
7.924589315842567316e+01
6.219346201803953988e+01
3.925382640465637252e+01
3.253005345469137666e+01
5.829349941693296699e+01
1.096829752419909028e+02
2.240116212956624508e+02
9.986057227795220115e+01
7.990408752892706445e+01
4.051221305891262148e+01
5.587845999672399699e+01
5.165502435094165179e+01
7.707507443076292475e+01
6.055984387238608946e+01
8.495412575599448246e+01
1.000390411099385233e+02
8.522640185068074459e+01
6.658645459689249435e+01
5.354120358320447792e+01
7.692347871500633971e+01
6.857931984387408875e+01
4.332441072183628705e+01
5.022882470875854466e+01
4.672970000410114011e+01
1.038720368301510319e+02
1.422680605386996717e+02
4.180526694013882150e+01
5.669046583221546598e+01
5.762626434215217586e+01
3.782996496741631631e+01
1.150164129737501355e+02
9.228224350051263514e+01
8.786379106702139552e+01
7.720532642636833032e+01
7.492974764308515034e+01
6.098931387393027137e+01
4.203005159508477107e+01
1.290127140557704877e+02
3.949928728214794660e+01
5.654105192477323527e+01
9.194937318735405540e+01
6.029730603883388085e+01
5.603117501614818963e+01
3.527126089845705792e+01
5.017318344061393276e+01
7.619043231601969524e+01
1.135625279425043175e+02
1.300376649297094218e+02
7.402255757605320241e+01
3.311926362395331580e+01
3.498319282805910291e+01
2.561988609176005127e+01
1.435215777405573476e+02
7.136929923322790614e+01
6.140958422223268798e+01
1.370128126494834078e+02
6.772676822125743001e+01
5.195482411011076351e+01
4.265692823912359444e+01
5.513130633215781273e+01
4.902183626072699951e+01
1.045188280862566899e+02
8.652539380271306868e+01
1.254907272894316321e+02
8.765485147846807479e+01
7.253182271104877543e+01
5.991684928916174613e+01
6.868191855952916569e+01
8.268639427955220356e+01
8.880334691139488257e+01
5.372687173742579603e+01
5.968304989014169593e+01
5.253709536316633688e+01
5.950831129153248611e+01
4.545274776364293245e+01
8.907884382226154685e+01
1.102021744985990495e+02
8.107902201005263976e+01
4.313908164549504676e+01
1.746987192537750957e+02
9.407255287028024782e+01
4.927039120944785111e+01
9.684247296057915833e+01
7.492490812696053126e+01
8.111793287334656100e+01
4.009704133547667482e+01
5.801532002853533498e+01
6.149789614043616126e+01
4.491232295115892725e+01
5.937511783694474587e+01
5.270740628957751284e+01
6.380167514326569034e+01
4.171219332688541925e+01
6.679981469686200057e+01
1.229855413363458325e+02
5.297206481300524672e+01
6.989630062117055331e+01
6.965058635327613956e+01
6.988623790352032472e+01
1.025980531395771891e+02
7.630945435544464317e+01
4.760724186280158676e+01
4.115548516697111836e+01
5.614815902091930866e+01
1.289443819274851251e+02
5.655747702624521622e+01
6.781763111681945588e+01
4.501731563004027947e+01
6.819384726993439472e+01
5.952503982545601247e+01
1.369156544280520222e+02
1.316380386725934670e+02
6.361832327706710544e+01
4.323831015074412676e+01
4.423256939273207422e+01
9.179430898961835794e+01
5.258803318193863419e+01
1.061227858068297394e+02
7.769377073581097193e+01
6.274294717480605499e+01
6.491503908028502678e+01
2.901247997908819087e+01
3.453392919141138862e+01
6.556966205862278230e+01
4.508158231169024788e+01
5.016263750359728135e+01
6.149107100487322697e+01
7.908554930090218704e+01
2.188748388630696695e+02
7.344096884877427556e+01
3.897714152877756533e+01
3.324524380794883172e+01
5.422801301325114309e+01
1.404599282330121639e+02
1.023080934740147114e+02
9.992809634615744585e+01
7.348035078360990724e+01
9.100907071020667161e+01
7.424494697521437558e+01
9.245227177135581087e+01
5.478477529649677535e+01
9.539671176831244281e+01
4.596943901245141717e+01
1.920152359717291972e+02
1.525426427197723740e+02
1.336670547638772462e+02
3.962250656097666024e+01
5.400035922452640591e+01
7.797591724820006220e+01
7.149344415515962226e+01
1.050086182755257482e+02
5.587953171322585177e+01
7.742531181268746820e+01
2.907796289474158868e+01
1.293617331993883681e+02
8.354695243045641462e+01
1.349773582431598982e+02
7.666721065531827151e+01
9.869117695234754706e+01
8.893291028664609144e+01
8.210429026037982680e+01
8.100790567201546821e+01
5.123165213358823422e+01
4.153416096083640952e+01
1.306339678640373165e+02
7.201695097286403779e+01
4.437986732429536829e+01
6.683268516111883173e+01
9.016167722792367556e+01
5.004892500811573797e+01
4.416373762183506102e+01
3.925545529411823509e+01
5.021271120777515762e+01
5.640648359478507956e+01
7.542898513819629613e+01
3.975139918326835442e+01
1.272475122319806076e+02
8.151987232539504191e+01
7.026586245522204877e+01
6.395199698523428822e+01
8.436041234233569241e+01
6.487706059268099068e+01
