13.87691
26.07301
38.10333
50.14800
62.36973
86.61899
111.14914
135.15394
158.96566
183.01055
206.97147
230.98807
254.84776
278.77492
302.83705
327.34641
351.66388
375.67224
399.91978
424.51069
448.90101
473.36049
497.93629
522.39039
546.68514
570.87837
595.16451
619.79920
644.68399
669.36771
693.89403
718.32238
742.83391
767.01915
791.02590
814.95743
839.06715
863.10366
887.12980
911.15603
935.49022
959.54561
983.83166
1007.75987
1031.95386
1056.17609
1080.59588
1104.75395
1128.83360
1153.10723
1177.36001
1202.53314
1227.64151
1252.68690
1277.02979
1301.56086
1326.14711
1350.97035
1376.55734
1401.76999
1427.20434
1452.16716
1477.26745
1502.51529
1528.16121
1553.74816
1578.33181
1603.54106
1629.14533
1654.10474
1678.86431
1704.01624
1728.43470
1752.86981
1777.16687
1801.53250
1826.15684
1850.80122
1876.32655
1901.02260
1925.72337
1950.16939
1975.17983
2000.74763
2025.87314
2050.86792
2075.54624
2100.09447
2124.60626
2149.78592
2174.85794
2199.35562
2224.30256
2249.24509
2273.81986
2298.42843
2323.65887
2348.72469
2373.79913
2398.40368
2423.87289
2448.99338
2474.33839
2499.75453
2524.67772
2549.72057
2575.17648
2600.36053
2625.54094
2651.30523
2676.20288
2701.56928
2726.48717
2751.80850
2777.25687
2802.09541
2827.02752
2851.86964
2876.74528
2901.61412
2927.22001
2952.77316
2978.08529
3004.00532
3028.59009
3053.73087
3078.41323
3103.43463
3128.95890
3153.93815
3178.81216
3203.44730
3228.23603
3253.51975
3279.27422
3304.65305
3329.84201
3354.77166
3379.84915
3404.84423
3429.87843
3454.86546
3481.15599
3506.46051
3532.21973
3557.16684
3582.19142
3607.65691
3632.69357
3657.72204
3682.67973
3708.30627
3734.15207
3760.32465
3785.63112
3810.75585
3836.02182
3862.08268
3887.80710
3913.55949
3939.37447
3965.06043
3990.52728
4016.83898
4042.34574
4068.23490
4093.49530
4118.67036
4144.04656
4169.25568
4194.74968
4220.68607
4246.93695
4272.32562
4297.70542
