39.90221
36.88839
37.06067
63.24550
52.09227
61.57119
59.97976
28.18144
22.13669
45.52956
49.90288
-4.53485
-30.01468
46.09107
72.45750
36.70562
69.42468
43.24159
70.44718
62.48024
41.18580
-54.11354
-18.68820
12.96636
-14.75453
22.23782
-19.07297
-87.51602
26.07799
65.41042
48.49445
54.73925
77.74620
97.87615
26.44728
56.61119
43.00171
63.15954
41.41752
90.49409
59.15855
73.92844
79.39484
50.93103
80.12083
82.11380
65.45244
12.97447
54.06193
76.44612
102.61270
55.96637
23.45479
109.76438
93.83328
73.40858
46.88558
19.09683
34.26576
-7.58463
56.07629
47.36777
54.36292
98.67755
61.15614
42.70384
50.19568
17.65404
56.75905
33.99385
59.06919
80.47436
-13.99452
65.29435
80.62659
56.20401
67.49179
89.73391
130.56676
97.90085
100.50860
85.05969
62.03214
74.28251
84.38521
120.67442
57.01784
56.11884
105.67651
115.28282
84.41065
120.37110
76.44919
29.12290
36.28474
68.01835
103.01061
76.76914
101.17476
110.17625
97.94461
96.58128
91.45160
65.24168
79.69682
95.27272
78.15674
92.79587
54.89128
41.58316
34.52415
34.04101
18.42534
-18.47953
22.16049
1.50529
36.82623
71.86859
46.12603
61.00681
77.26342
70.49605
74.13161
56.91921
91.47458
53.17842
72.61779
46.34302
47.75401
68.34124
92.02369
23.94194
48.49743
62.05561
16.24513
48.15961
4.42219
29.29363
18.04581
12.34235
6.38890
41.11801
38.23091
-11.16184
11.44626
8.68109
56.52982
45.43273
12.56860
26.18623
5.25070
25.98659
50.61864
32.78717
2.37204
22.39327
15.00899
6.95000
15.55088
18.81676
58.84493
18.59362
2.52018
12.86019
41.52906
14.80755
23.56947
5.07162
54.12048
47.72849
6.60103
5.34648
-29.25595
-16.49669
6.63536
