13.87691
12.19611
12.03032
12.04467
12.22173
24.24926
24.53015
24.00480
23.81171
24.04489
23.96092
24.01660
23.85968
23.92716
24.06214
24.50936
24.31747
24.00836
24.24754
24.59091
24.39032
24.45948
24.57580
24.45410
24.29475
24.19324
24.28614
24.63469
24.88479
24.68372
24.52632
24.42835
24.51152
24.18525
24.00675
23.93153
24.10971
24.03651
24.02614
24.02623
24.33419
24.05539
24.28606
23.92820
24.19399
24.22224
24.41979
24.15807
24.07965
24.27363
24.25278
25.17312
25.10837
25.04539
24.34289
24.53108
24.58624
24.82325
25.58698
25.21266
25.43435
24.96283
25.10029
25.24783
25.64593
25.58695
24.58366
25.20925
25.60427
24.95941
24.75957
25.15193
24.41845
24.43511
24.29707
24.36563
24.62434
24.64437
25.52534
24.69605
24.70077
24.44601
25.01044
25.56781
25.12550
24.99478
24.67832
24.54823
24.51179
25.17966
25.07202
24.49768
24.94694
24.94253
24.57477
24.60857
25.23044
25.06583
25.07443
24.60456
25.46920
25.12049
25.34501
25.41615
24.92319
25.04285
25.45591
25.18405
25.18041
25.76429
24.89765
25.36640
24.91789
25.32133
25.44837
24.83854
24.93211
24.84212
24.87563
24.86884
25.60589
25.55315
25.31214
25.92002
24.58477
25.14078
24.68236
25.02140
25.52427
24.97925
24.87401
24.63515
24.78873
25.28372
25.75446
25.37883
25.18896
24.92965
25.07749
24.99509
25.03419
24.98704
26.29053
25.30452
25.75922
24.94711
25.02458
25.46549
25.03665
25.02847
24.95770
25.62654
25.84580
26.17257
25.30647
25.12473
25.26597
26.06086
25.72442
25.75239
25.81498
25.68595
25.46685
26.31170
25.50675
25.88916
25.26041
25.17506
25.37621
25.20912
25.49400
25.93639
26.25088
25.38867
25.37979
