39.90221 13.87691
36.88839 26.07301
37.06067 38.10333
63.24550 50.14800
52.09227 62.36973
61.57119 86.61899
59.97976 111.14914
28.18144 135.15394
22.13669 158.96566
45.52956 183.01055
49.90288 206.97147
-4.53485 230.98807
-30.01468 254.84776
46.09107 278.77492
72.45750 302.83705
36.70562 327.34641
69.42468 351.66388
43.24159 375.67224
70.44718 399.91978
62.48024 424.51069
41.18580 448.90101
-54.11354 473.36049
-18.68820 497.93629
12.96636 522.39039
-14.75453 546.68514
22.23782 570.87837
-19.07297 595.16451
-87.51602 619.79920
26.07799 644.68399
65.41042 669.36771
48.49445 693.89403
54.73925 718.32238
77.74620 742.83391
97.87615 767.01915
26.44728 791.02590
56.61119 814.95743
43.00171 839.06715
63.15954 863.10366
41.41752 887.12980
90.49409 911.15603
59.15855 935.49022
73.92844 959.54561
79.39484 983.83166
50.93103 1007.75987
80.12083 1031.95386
82.11380 1056.17609
65.45244 1080.59588
12.97447 1104.75395
54.06193 1128.83360
76.44612 1153.10723
102.61270 1177.36001
55.96637 1202.53314
23.45479 1227.64151
109.76438 1252.68690
93.83328 1277.02979
73.40858 1301.56086
46.88558 1326.14711
19.09683 1350.97035
34.26576 1376.55734
-7.58463 1401.76999
56.07629 1427.20434
47.36777 1452.16716
54.36292 1477.26745
98.67755 1502.51529
61.15614 1528.16121
42.70384 1553.74816
50.19568 1578.33181
17.65404 1603.54106
56.75905 1629.14533
33.99385 1654.10474
59.06919 1678.86431
80.47436 1704.01624
-13.99452 1728.43470
65.29435 1752.86981
80.62659 1777.16687
56.20401 1801.53250
67.49179 1826.15684
89.73391 1850.80122
130.56676 1876.32655
97.90085 1901.02260
100.50860 1925.72337
85.05969 1950.16939
62.03214 1975.17983
74.28251 2000.74763
84.38521 2025.87314
120.67442 2050.86792
57.01784 2075.54624
56.11884 2100.09447
105.67651 2124.60626
115.28282 2149.78592
84.41065 2174.85794
120.37110 2199.35562
76.44919 2224.30256
29.12290 2249.24509
36.28474 2273.81986
68.01835 2298.42843
103.01061 2323.65887
76.76914 2348.72469
101.17476 2373.79913
110.17625 2398.40368
97.94461 2423.87289
96.58128 2448.99338
91.45160 2474.33839
65.24168 2499.75453
79.69682 2524.67772
95.27272 2549.72057
78.15674 2575.17648
92.79587 2600.36053
54.89128 2625.54094
41.58316 2651.30523
34.52415 2676.20288
34.04101 2701.56928
18.42534 2726.48717
-18.47953 2751.80850
22.16049 2777.25687
1.50529 2802.09541
36.82623 2827.02752
71.86859 2851.86964
46.12603 2876.74528
61.00681 2901.61412
77.26342 2927.22001
70.49605 2952.77316
74.13161 2978.08529
56.91921 3004.00532
91.47458 3028.59009
53.17842 3053.73087
72.61779 3078.41323
46.34302 3103.43463
47.75401 3128.95890
68.34124 3153.93815
92.02369 3178.81216
23.94194 3203.44730
48.49743 3228.23603
62.05561 3253.51975
16.24513 3279.27422
48.15961 3304.65305
4.42219 3329.84201
29.29363 3354.77166
18.04581 3379.84915
12.34235 3404.84423
6.38890 3429.87843
41.11801 3454.86546
38.23091 3481.15599
-11.16184 3506.46051
11.44626 3532.21973
8.68109 3557.16684
56.52982 3582.19142
45.43273 3607.65691
12.56860 3632.69357
26.18623 3657.72204
5.25070 3682.67973
25.98659 3708.30627
50.61864 3734.15207
32.78717 3760.32465
2.37204 3785.63112
22.39327 3810.75585
15.00899 3836.02182
6.95000 3862.08268
15.55088 3887.80710
18.81676 3913.55949
58.84493 3939.37447
18.59362 3965.06043
2.52018 3990.52728
12.86019 4016.83898
41.52906 4042.34574
14.80755 4068.23490
23.56947 4093.49530
5.07162 4118.67036
54.12048 4144.04656
47.72849 4169.25568
6.60103 4194.74968
5.34648 4220.68607
-29.25595 4246.93695
-16.49669 4272.32562
6.63536 4297.70542
