13.77976
25.75996
37.71073
49.65784
61.66351
84.71017
107.47410
130.36488
153.07947
175.93771
198.89589
221.71725
244.56350
267.32136
290.44287
313.44543
336.43189
359.49384
382.69806
405.21642
427.79429
450.67628
474.13353
497.25520
521.20772
544.97572
569.20431
593.83850
618.22949
642.05936
665.79507
689.55842
713.54001
737.57385
761.16335
784.42919
807.77581
831.54526
854.92083
878.31087
901.74244
925.29940
949.04367
972.39018
996.23864
1019.23482
1042.19068
1065.75161
1089.22036
1112.58847
1137.06840
1160.02661
1183.95403
1207.13187
1230.66023
1254.57595
1277.85867
1301.11804
1324.92570
1349.28822
1373.63818
1397.66516
1421.90654
1445.56777
1469.11273
1492.61551
1516.05528
1539.63229
1562.82799
1586.42717
1609.81854
1633.27201
1658.51470
1685.39200
1712.02777
1738.39698
1765.32694
1791.64448
1818.78994
1845.78858
1872.15941
1898.94133
1925.93686
1953.39950
1980.21416
2006.45642
2032.83766
2059.23957
2085.27834
2111.90418
2138.49972
2164.89499
2191.64223
2218.37026
2244.41374
2271.14500
2298.45702
2324.78773
2352.20107
2379.16583
2406.34209
2433.13847
2460.23845
2486.42855
2513.14334
2539.40632
2565.63917
2592.74755
2620.62572
2648.42357
2675.74058
2702.33290
