-89.13685
-124.92679
-94.79982
-87.39818
-93.99205
-72.52204
-58.46133
-49.59766
-112.78897
-89.90386
-149.57728
-129.52155
-134.94988
-85.91957
-83.64368
-53.18215
-79.50401
-62.26654
-37.76121
-39.20212
13.72349
-43.16259
44.89802
35.93980
2.52573
-42.10526
14.04114
38.30997
31.49289
57.07950
28.46370
89.32068
28.51274
53.88264
-37.63808
14.03943
4.72529
52.83753
32.43970
4.57419
71.91666
86.37440
51.40369
33.65623
14.71198
22.01167
-52.53546
58.77706
21.09338
-43.51420
68.80712
45.06733
24.91853
45.45917
18.05132
14.93651
-12.73705
-35.22739
23.14068
102.63616
145.10811
64.38547
-1.54097
12.35903
102.32416
108.92144
68.38526
98.85773
71.74118
119.00551
81.67255
87.77015
121.85455
95.19767
69.33190
83.63447
68.64417
100.01898
81.75600
66.34949
90.66074
110.46733
98.09867
99.37939
105.57944
95.27027
89.59733
79.27120
106.33414
82.06945
94.36193
90.04289
98.78803
109.08526
112.26470
104.16200
74.24935
49.64960
138.88915
128.70953
99.43680
119.46812
83.90975
93.57569
116.81538
84.70688
148.64525
159.50639
120.36167
70.29133
90.03324
120.24220
