13.77976
11.98020
11.95077
11.94711
12.00567
23.04666
22.76393
22.89077
22.71459
22.85824
22.95818
22.82136
22.84625
22.75786
23.12151
23.00256
22.98646
23.06195
23.20422
22.51836
22.57786
22.88200
23.45725
23.12167
23.95252
23.76800
24.22859
24.63419
24.39099
23.82986
23.73571
23.76335
23.98159
24.03384
23.58950
23.26584
23.34662
23.76945
23.37557
23.39004
23.43158
23.55696
23.74426
23.34651
23.84846
22.99617
22.95586
23.56094
23.46874
23.36812
24.47993
22.95821
23.92742
23.17784
23.52837
23.91572
23.28272
23.25936
23.80766
24.36252
24.34995
24.02698
24.24138
23.66123
23.54496
23.50278
23.43977
23.57701
23.19570
23.59918
23.39137
23.45348
25.24268
26.87731
26.63577
26.36921
26.92996
26.31754
27.14546
26.99864
26.37083
26.78192
26.99553
27.46264
26.81466
26.24226
26.38124
26.40191
26.03877
26.62584
26.59554
26.39528
26.74724
26.72802
26.04348
26.73126
27.31202
26.33071
27.41334
26.96476
27.17626
26.79638
27.09998
26.19010
26.71480
26.26298
26.23285
27.10838
27.87817
27.79785
27.31701
26.59232
