-89.13685 13.77976
-124.92679 25.75996
-94.79982 37.71073
-87.39818 49.65784
-93.99205 61.66351
-72.52204 84.71017
-58.46133 107.47410
-49.59766 130.36488
-112.78897 153.07947
-89.90386 175.93771
-149.57728 198.89589
-129.52155 221.71725
-134.94988 244.56350
-85.91957 267.32136
-83.64368 290.44287
-53.18215 313.44543
-79.50401 336.43189
-62.26654 359.49384
-37.76121 382.69806
-39.20212 405.21642
13.72349 427.79429
-43.16259 450.67628
44.89802 474.13353
35.93980 497.25520
2.52573 521.20772
-42.10526 544.97572
14.04114 569.20431
38.30997 593.83850
31.49289 618.22949
57.07950 642.05936
28.46370 665.79507
89.32068 689.55842
28.51274 713.54001
53.88264 737.57385
-37.63808 761.16335
14.03943 784.42919
4.72529 807.77581
52.83753 831.54526
32.43970 854.92083
4.57419 878.31087
71.91666 901.74244
86.37440 925.29940
51.40369 949.04367
33.65623 972.39018
14.71198 996.23864
22.01167 1019.23482
-52.53546 1042.19068
58.77706 1065.75161
21.09338 1089.22036
-43.51420 1112.58847
68.80712 1137.06840
45.06733 1160.02661
24.91853 1183.95403
45.45917 1207.13187
18.05132 1230.66023
14.93651 1254.57595
-12.73705 1277.85867
-35.22739 1301.11804
23.14068 1324.92570
102.63616 1349.28822
145.10811 1373.63818
64.38547 1397.66516
-1.54097 1421.90654
12.35903 1445.56777
102.32416 1469.11273
108.92144 1492.61551
68.38526 1516.05528
98.85773 1539.63229
71.74118 1562.82799
119.00551 1586.42717
81.67255 1609.81854
87.77015 1633.27201
121.85455 1658.51470
95.19767 1685.39200
69.33190 1712.02777
83.63447 1738.39698
68.64417 1765.32694
100.01898 1791.64448
81.75600 1818.78994
66.34949 1845.78858
90.66074 1872.15941
110.46733 1898.94133
98.09867 1925.93686
99.37939 1953.39950
105.57944 1980.21416
95.27027 2006.45642
89.59733 2032.83766
79.27120 2059.23957
106.33414 2085.27834
82.06945 2111.90418
94.36193 2138.49972
90.04289 2164.89499
98.78803 2191.64223
109.08526 2218.37026
112.26470 2244.41374
104.16200 2271.14500
74.24935 2298.45702
49.64960 2324.78773
138.88915 2352.20107
128.70953 2379.16583
99.43680 2406.34209
119.46812 2433.13847
83.90975 2460.23845
93.57569 2486.42855
116.81538 2513.14334
84.70688 2539.40632
148.64525 2565.63917
159.50639 2592.74755
120.36167 2620.62572
70.29133 2648.42357
90.03324 2675.74058
120.24220 2702.33290
