13.22171
25.13112
36.98811
48.93280
60.82682
83.63581
106.11078
129.48391
152.98240
176.45679
199.35349
222.16645
244.85868
267.65957
290.63316
313.60418
336.88952
360.29788
384.42306
408.15063
431.50941
454.70981
477.45271
500.16132
523.45506
546.93116
570.78867
595.38234
618.33092
642.35558
665.35842
688.25014
712.36575
736.42298
760.10045
784.03448
807.65959
830.89358
853.28105
876.04033
898.96607
922.16357
945.30568
968.70811
992.74909
1017.52024
1040.74892
1063.40019
1085.69760
1108.07315
1131.41933
1153.85089
1176.33190
1198.77675
1221.77571
1244.41140
1268.25939
1291.95844
1314.64384
1337.81564
1360.65867
1383.51412
1405.86303
1428.85922
1451.40163
1473.85118
1496.62870
1519.54427
1542.79476
1565.60184
1588.41717
1611.75950
1634.77916
1658.03941
1681.75515
1705.20435
1728.53860
1751.27101
1773.92900
1797.25424
1820.07344
1843.55023
1867.06570
1889.87905
1912.62950
1936.00533
1958.84199
1982.39596
2005.58623
2028.34485
2052.10589
2075.52510
2098.67629
2121.79337
2145.03245
2168.53342
2191.54501
2214.25184
2237.29043
2260.23748
2283.43672
2307.25521
2330.27038
2353.73567
2376.99063
2403.85522
2430.23166
2453.46590
2476.57331
2499.81466
2523.25597
2547.61965
2571.62219
2595.13543
2618.45616
2641.47378
2664.50211
2688.09849
2711.98351
2735.78850
2759.62418
2783.08757
2806.59954
2832.01915
2856.69718
2880.25205
2903.69491
2927.47091
2951.23887
2974.72115
2998.28558
3021.87478
3046.18807
3070.02159
3093.51972
3117.35496
3141.21162
3164.92140
3188.56753
3212.17112
3237.76136
3263.06093
3286.52370
3311.23537
3335.43213
3359.20883
3382.70930
3407.38554
3432.20194
3456.52266
3480.30425
3504.89134
3529.88140
3554.44804
3578.48387
3602.50850
3626.43533
3650.38455
3674.40628
3698.33562
3722.45413
3746.65008
3770.68885
3794.61445
3818.64374
3842.61443
3867.59591
3890.88402
3914.99184
3939.08020
3963.35458
3987.55443
4011.81475
4036.18563
4060.47667
4084.79977
4109.80222
4135.58498
4160.71015
4185.40507
4210.64992
4234.80541
4259.28439
4283.65890
4309.18728
4334.42272
4358.52223
4383.87851
4410.25591
