230.04711
273.83806
341.78953
144.53418
189.83787
69.36031
190.19768
119.93618
24.23910
277.99315
-65.79511
140.15380
-285.18810
-111.17646
-86.69427
-214.20801
-98.74629
-93.62888
87.59327
56.88939
-85.87000
-77.40202
-950.42634
53.30111
-36.62967
30.45957
-299.58098
82.42597
49.75369
53.09716
22.68664
2.79807
56.33922
61.13659
140.29028
92.11400
-52.22856
-623.73055
187.56459
269.34987
-168.56225
-40.13433
107.98598
51.70709
-583.89337
-460.35143
-95.12761
-58.33914
72.18677
239.29231
97.55543
121.10410
-304.07248
-19.87414
82.10286
44.05393
117.03269
9.60416
-178.49414
-14.69141
113.49394
232.13894
209.07376
24.96704
251.55481
240.55207
379.38790
374.64705
240.71115
200.21812
396.45619
310.12183
185.90018
77.02881
-400.66772
-279.32518
-321.23992
169.19595
-499.17773
-882.43752
-971.07717
-522.64738
-442.85995
-595.80101
-359.29726
-496.19079
-556.72592
-462.07458
-389.96309
-217.73934
130.80011
306.29818
161.05161
205.87608
113.33726
251.68680
62.78802
42.59548
184.42715
210.35254
238.03035
10.54955
-780.09997
-592.35548
-538.34260
-1077.37249
-1059.07349
-1057.44234
-1020.76524
-968.40784
-218.64773
-172.88891
-276.39776
-873.99893
-749.81510
-495.57683
-504.70718
-990.94410
-811.13391
-691.03340
-858.26425
-939.21337
-686.12239
-785.14385
-201.05098
-229.44257
-292.18027
-41.17089
199.79068
-204.33189
17.76906
88.29700
94.81209
12.66068
-157.33582
155.96822
121.21460
211.83868
-41.82836
-317.36661
10.27475
-1.43152
208.75979
-12.69778
-4.66849
61.71055
-13.76513
-85.62213
-364.58894
-244.45651
21.33799
-206.53266
-498.42845
-382.69649
-264.84111
-247.95594
-28.24933
114.99544
239.04027
266.43047
126.48738
-21.20840
-54.56577
196.91343
123.43212
244.81569
258.33277
161.93468
-137.95880
161.13794
69.95637
-51.08646
71.78465
-40.90160
14.54255
82.55124
36.52645
-30.75003
230.01147
49.40064
101.63493
181.05480
116.31296
90.15594
-151.13446
216.65244
175.57828
123.92175
130.26887
