13.22171
11.90941
11.85699
11.94469
11.89403
22.80899
22.47497
23.37313
23.49849
23.47439
22.89670
22.81296
22.69223
22.80089
22.97359
22.97102
23.28534
23.40836
24.12518
23.72757
23.35878
23.20040
22.74290
22.70861
23.29374
23.47610
23.85751
24.59367
22.94858
24.02466
23.00283
22.89173
24.11560
24.05723
23.67748
23.93403
23.62510
23.23399
22.38747
22.75928
22.92574
23.19750
23.14211
23.40244
24.04097
24.77116
23.22868
22.65127
22.29741
22.37555
23.34618
22.43156
22.48102
22.44484
22.99896
22.63569
23.84799
23.69905
22.68540
23.17180
22.84303
22.85544
22.34891
22.99619
22.54241
22.44955
22.77752
22.91557
23.25049
22.80708
22.81533
23.34233
23.01966
23.26025
23.71574
23.44920
23.33425
22.73241
22.65799
23.32524
22.81920
23.47679
23.51546
22.81335
22.75045
23.37583
22.83666
23.55397
23.19028
22.75862
23.76104
23.41921
23.15119
23.11708
23.23908
23.50097
23.01158
22.70684
23.03859
22.94705
23.19924
23.81849
23.01517
23.46529
23.25495
26.86460
26.37643
23.23424
23.10741
23.24136
23.44130
24.36368
24.00254
23.51324
23.32073
23.01762
23.02833
23.59638
23.88502
23.80500
23.83568
23.46339
23.51196
25.41961
24.67803
23.55488
23.44285
23.77600
23.76796
23.48228
23.56443
23.58921
24.31329
23.83352
23.49813
23.83524
23.85666
23.70978
23.64613
23.60359
25.59024
25.29957
23.46277
24.71167
24.19676
23.77670
23.50048
24.67623
24.81641
24.32072
23.78159
24.58709
24.99006
24.56665
24.03582
24.02463
23.92683
23.94922
24.02173
23.92934
24.11851
24.19594
24.03878
23.92560
24.02928
23.97069
24.98148
23.28811
24.10782
24.08836
24.27438
24.19985
24.26032
24.37088
24.29104
24.32310
25.00245
25.78276
25.12516
24.69492
25.24486
24.15548
24.47899
24.37450
25.52839
25.23543
24.09952
25.35628
26.37740
