230.04711 13.22171
273.83806 25.13112
341.78953 36.98811
144.53418 48.93280
189.83787 60.82682
69.36031 83.63581
190.19768 106.11078
119.93618 129.48391
24.23910 152.98240
277.99315 176.45679
-65.79511 199.35349
140.15380 222.16645
-285.18810 244.85868
-111.17646 267.65957
-86.69427 290.63316
-214.20801 313.60418
-98.74629 336.88952
-93.62888 360.29788
87.59327 384.42306
56.88939 408.15063
-85.87000 431.50941
-77.40202 454.70981
-950.42634 477.45271
53.30111 500.16132
-36.62967 523.45506
30.45957 546.93116
-299.58098 570.78867
82.42597 595.38234
49.75369 618.33092
53.09716 642.35558
22.68664 665.35842
2.79807 688.25014
56.33922 712.36575
61.13659 736.42298
140.29028 760.10045
92.11400 784.03448
-52.22856 807.65959
-623.73055 830.89358
187.56459 853.28105
269.34987 876.04033
-168.56225 898.96607
-40.13433 922.16357
107.98598 945.30568
51.70709 968.70811
-583.89337 992.74909
-460.35143 1017.52024
-95.12761 1040.74892
-58.33914 1063.40019
72.18677 1085.69760
239.29231 1108.07315
97.55543 1131.41933
121.10410 1153.85089
-304.07248 1176.33190
-19.87414 1198.77675
82.10286 1221.77571
44.05393 1244.41140
117.03269 1268.25939
9.60416 1291.95844
-178.49414 1314.64384
-14.69141 1337.81564
113.49394 1360.65867
232.13894 1383.51412
209.07376 1405.86303
24.96704 1428.85922
251.55481 1451.40163
240.55207 1473.85118
379.38790 1496.62870
374.64705 1519.54427
240.71115 1542.79476
200.21812 1565.60184
396.45619 1588.41717
310.12183 1611.75950
185.90018 1634.77916
77.02881 1658.03941
-400.66772 1681.75515
-279.32518 1705.20435
-321.23992 1728.53860
169.19595 1751.27101
-499.17773 1773.92900
-882.43752 1797.25424
-971.07717 1820.07344
-522.64738 1843.55023
-442.85995 1867.06570
-595.80101 1889.87905
-359.29726 1912.62950
-496.19079 1936.00533
-556.72592 1958.84199
-462.07458 1982.39596
-389.96309 2005.58623
-217.73934 2028.34485
130.80011 2052.10589
306.29818 2075.52510
161.05161 2098.67629
205.87608 2121.79337
113.33726 2145.03245
251.68680 2168.53342
62.78802 2191.54501
42.59548 2214.25184
184.42715 2237.29043
210.35254 2260.23748
238.03035 2283.43672
10.54955 2307.25521
-780.09997 2330.27038
-592.35548 2353.73567
-538.34260 2376.99063
-1077.37249 2403.85522
-1059.07349 2430.23166
-1057.44234 2453.46590
-1020.76524 2476.57331
-968.40784 2499.81466
-218.64773 2523.25597
-172.88891 2547.61965
-276.39776 2571.62219
-873.99893 2595.13543
-749.81510 2618.45616
-495.57683 2641.47378
-504.70718 2664.50211
-990.94410 2688.09849
-811.13391 2711.98351
-691.03340 2735.78850
-858.26425 2759.62418
-939.21337 2783.08757
-686.12239 2806.59954
-785.14385 2832.01915
-201.05098 2856.69718
-229.44257 2880.25205
-292.18027 2903.69491
-41.17089 2927.47091
199.79068 2951.23887
-204.33189 2974.72115
17.76906 2998.28558
88.29700 3021.87478
94.81209 3046.18807
12.66068 3070.02159
-157.33582 3093.51972
155.96822 3117.35496
121.21460 3141.21162
211.83868 3164.92140
-41.82836 3188.56753
-317.36661 3212.17112
10.27475 3237.76136
-1.43152 3263.06093
208.75979 3286.52370
-12.69778 3311.23537
-4.66849 3335.43213
61.71055 3359.20883
-13.76513 3382.70930
-85.62213 3407.38554
-364.58894 3432.20194
-244.45651 3456.52266
21.33799 3480.30425
-206.53266 3504.89134
-498.42845 3529.88140
-382.69649 3554.44804
-264.84111 3578.48387
-247.95594 3602.50850
-28.24933 3626.43533
114.99544 3650.38455
239.04027 3674.40628
266.43047 3698.33562
126.48738 3722.45413
-21.20840 3746.65008
-54.56577 3770.68885
196.91343 3794.61445
123.43212 3818.64374
244.81569 3842.61443
258.33277 3867.59591
161.93468 3890.88402
-137.95880 3914.99184
161.13794 3939.08020
69.95637 3963.35458
-51.08646 3987.55443
71.78465 4011.81475
-40.90160 4036.18563
14.54255 4060.47667
82.55124 4084.79977
36.52645 4109.80222
-30.75003 4135.58498
230.01147 4160.71015
49.40064 4185.40507
101.63493 4210.64992
181.05480 4234.80541
116.31296 4259.28439
90.15594 4283.65890
-151.13446 4309.18728
216.65244 4334.42272
175.57828 4358.52223
123.92175 4383.87851
130.26887 4410.25591
