13.90493
25.79927
37.63008
49.52542
61.39251
86.13695
109.83262
133.63722
157.39549
181.16739
205.12260
229.03270
252.82284
276.76200
300.75985
325.20703
349.49172
373.53757
397.38040
422.04352
446.42033
471.60510
496.10913
520.16837
545.03059
569.03188
593.09140
617.19020
641.01252
664.61771
688.14770
711.77847
735.19767
758.75238
782.45229
806.24926
829.84574
853.54215
877.20610
900.92093
924.93734
948.59399
972.33620
996.03718
1019.73588
1043.42482
1067.14791
1091.15932
1114.90659
1138.64100
1165.77526
1193.49060
1220.62976
1247.54991
1274.63727
1301.67648
1328.73884
1355.88582
1383.00389
1404.74495
1428.91875
1452.87200
1476.86580
1500.82385
1524.77878
1548.74435
1572.83552
1596.84200
1620.90552
1644.97821
1669.15635
1696.37968
1724.47616
1751.64265
1779.39406
1806.56187
1833.85949
1861.45212
1888.96856
1916.58963
1944.40546
1971.71743
1999.45418
2026.81507
2054.52600
2081.90935
2109.64283
2137.43033
2164.72152
2192.39395
2219.92600
2248.39442
2275.82150
2303.53138
2331.46887
2359.02128
2386.85931
2414.79273
2442.64929
2470.47862
2498.43153
2525.91342
2553.90869
2581.60692
2609.63610
2637.44271
2664.98197
2692.96305
2720.99019
2749.38112
2777.45823
2805.50501
2833.51140
2861.48564
2889.45820
2917.47240
2945.54136
2973.58030
3001.48092
3029.49549
3057.67711
3085.68831
3113.74683
3141.93398
3170.44419
3198.52608
3226.62592
3254.79500
3283.44456
3311.72806
3339.93797
3368.52232
3396.62138
3424.79646
3453.43885
3481.66972
3509.78681
3538.44435
3566.75787
3595.42085
3623.90848
3652.40713
3680.77015
3709.00444
3737.56214
3765.98404
3794.61664
3823.39486
3851.55518
3879.95838
3908.72397
3937.60499
3966.50648
3994.97210
4023.72424
4052.46001
4080.96780
4109.60821
4138.53421
4167.47312
4196.50167
4224.98532
4253.85405
4282.73170
4311.82447
4340.70267
4369.67634
4398.50436
4427.44595
4456.39520
4485.44786
4514.39483
4543.39503
4572.40691
4601.39524
4630.42320
4659.50443
4688.69088
4717.71116
4746.78781
4775.99254
4805.43678
4834.49203
4863.74197
4893.03047
4922.52979
4951.71907
4980.84856
5010.40939
5039.65600
5068.94413
5098.48990
5127.71647
5156.92930
5186.71955
5215.93169
5245.55897
5274.89571
5304.58706
5333.91804
5363.81446
5393.50953
5422.95042
5452.62792
5482.04183
5511.79090
5541.59914
5570.98908
5600.59589
5630.42471
5659.92382
5689.69693
5719.45257
5749.51182
5778.99645
5808.84451
5838.60008
5868.43833
5897.90939
5927.80518
5957.81137
5987.64978
6017.57744
6047.43881
6076.89837
6106.89904
6136.94176
6166.89537
6196.74650
6226.89975
6256.92865
6287.01775
6317.43957
6347.48300
6377.62033
6407.74376
6437.89798
6467.95626
6498.58107
6528.70836
6558.97374
6589.43985
6619.75417
6649.94794
6679.91452
6710.44045
6740.71059
6771.38162
6801.74913
6832.44461
6862.96647
6893.63849
6923.93842
6954.62387
6985.02289
7015.96736
7046.63000
7077.44130
7107.78174
7138.00186
7168.84324
7199.58438
7230.44006
7260.98313
7291.72324
7322.50422
7353.42903
7384.44304
7415.44194
7446.06887
7477.04612
7507.99507
7538.91063
7570.39798
7601.03775
7632.05932
7663.02650
7693.99663
7725.38531
7756.62327
7787.83192
7818.92560
7849.93652
7880.99982
7912.38343
7943.61996
7974.66677
8005.84853
8036.86220
8067.92590
8099.50959
8130.84109
8162.07032
8193.56021
8224.69674
8255.94643
8287.49243
8318.79480
8350.49299
8381.77330
8413.44408
8444.85641
8476.38212
8507.73424
8539.51429
8570.97993
8602.72060
8634.44539
8665.93694
8697.63236
8729.57816
8761.40033
8792.84229
8824.62138
8856.38306
8887.81342
8919.90129
8951.79667
8983.58334
9015.40087
9046.99893
9078.90943
9110.85695
9142.64542
9174.63702
9206.55257
9237.59622
9268.40077
9300.48187
9332.55298
9364.66902
9396.74755
9428.70151
9460.87374
9492.97503
9525.38452
9557.44763
9589.54845
9621.57863
9653.71557
9686.40100
9718.44780
9750.60469
9782.73069
9814.95171
9847.46556
9879.75388
9912.45093
9944.70674
9976.88256
10009.67432
10042.38542
10074.64871
10106.92207
10139.50191
10171.80456
10204.54181
10237.38428
10270.38654
10302.82904
10335.63063
10368.41526
10400.74754
10433.54234
10466.48662
10498.96243
10531.80227
10564.63488
10597.53714
10630.49153
10663.47111
10696.03644
10728.78219
10761.56267
10794.60547
10827.48926
10860.57852
10893.45453
10926.43591
10959.01676
10992.41830
11025.58932
11058.72949
11091.75037
11124.69969
11157.61891
11190.71921
11224.01395
11257.48798
11290.50901
11323.75799
11356.95085
11390.40304
11423.78895
11456.94701
11490.41998
11523.66565
11556.92045
11590.53547
11623.91129
11657.54962
11690.88533
11724.45481
11757.76300
11791.40357
11824.99471
11858.60386
11891.94526
11925.62311
11959.03220
11992.67280
12026.47206
12060.45452
12093.91363
12127.54704
12161.01703
12194.73244
12228.43790
12261.95346
12295.63869
12329.59013
12363.04394
12396.97554
12430.88308
12464.73851
12498.80052
12532.71651
12566.70794
12600.53564
12634.47238
12668.58956
12701.72088
12735.86994
12769.78071
12803.61413
12837.70335
12871.78732
12905.82775
12939.79432
12973.94989
13008.52006
13042.64830
13076.85829
13110.85686
13145.00618
13179.43847
13213.58106
13247.90039
13282.06484
13316.38668
13350.77013
13385.38736
13419.65139
13453.99731
13488.44024
13522.74724
13557.49780
13591.80767
13626.45902
13660.84610
13695.60767
13729.95458
13764.63497
13799.00394
13833.69251
13868.40369
13903.01118
13937.88469
13972.68238
14007.50201
14042.38669
14077.00067
14111.77783
14146.50206
14181.46087
14216.42439
14251.46137
14286.02144
14320.90404
14355.84378
14390.90752
14426.38843
14461.07643
14495.96114
14530.95892
14565.87931
14600.80917
14636.01569
14671.00871
14705.98101
14741.11953
14776.50447
14811.68520
14846.72420
14881.95799
14917.44186
14952.60908
14987.72667
15022.82564
15058.06296
15093.69460
15129.05723
15164.62423
15199.86188
15235.02265
15270.55010
15305.88344
15341.50417
15376.83084
15412.46703
15447.92154
15483.54171
15518.87067
15554.58218
15590.46505
15625.83638
15661.53631
15697.00873
15732.72469
15768.52626
15804.38788
15839.91123
15875.68202
15911.50473
15947.06270
15982.99286
16018.88863
16054.74164
16090.54868
16126.38929
16162.00780
16197.94459
16233.97744
16270.04316
16306.08261
16342.38879
16378.38880
16414.05863
16450.40528
16486.50986
16522.63940
16558.72953
16594.85355
16630.93665
16667.03237
16703.46776
16739.57638
16775.80189
16812.42772
16848.66914
16884.94241
16921.08824
16957.69641
16993.95220
17030.49140
17066.67182
17103.00870
17139.52766
17175.90700
17212.45333
17248.84361
17285.49190
17321.92375
17358.61627
17394.94689
17431.61315
17468.09680
17504.91904
17541.60849
17578.01975
17614.81966
17651.59007
17688.38747
17724.95177
17761.86906
17798.70415
17835.55823
17872.38964
17908.93621
17945.73015
17982.92368
18019.88335
18056.75623
18093.51465
18130.42879
18167.07795
18204.46716
18241.43096
18278.49012
18315.44897
18352.47317
18389.47047
18426.56509
18463.63481
18500.57942
18537.51055
18574.70161
18611.85594
18648.98686
18686.40946
18723.59848
18760.87024
18797.99267
18835.43147
18872.76075
18909.96689
18947.05630
18984.03534
19021.51524
19058.88659
19096.70045
19133.91209
19171.52265
19208.93248
19246.69232
19283.82426
19321.54029
19359.09741
19396.71264
19434.47183
19471.87075
19509.49704
19546.98046
19584.60141
19622.03161
19659.83890
19697.49793
19734.96760
19772.90616
19810.70308
19848.56187
19886.45424
19923.99053
19961.93381
19999.63508
20037.38987
20075.00671
20112.97479
20150.87469
20188.82425
20227.05290
20265.43398
20303.47270
20341.54399
20379.61074
20417.67633
20455.81988
20493.77350
20531.87576
20569.93940
20608.43642
20646.12160
20684.54554
20722.87653
20761.08994
20799.47555
20837.55683
20875.10271
20913.54647
20951.69612
20990.50206
21028.74391
21066.97735
21105.43467
21143.83258
21182.10826
21220.67015
21259.38993
21297.64147
21335.94794
21374.60863
21413.03976
21451.72919
21490.08760
21529.05627
21567.77185
21606.39038
21644.99808
21683.65289
21722.43500
21761.48016
21800.10549
21838.86382
21877.64596
21916.49907
21955.00079
21993.76375
22032.67007
22071.43535
22110.38928
22149.12114
22187.91319
22226.84419
22265.82280
22304.90655
22343.86541
22383.06449
22422.45771
22461.50495
22500.52777
22539.70492
22578.90463
22617.96106
22657.10510
22696.56646
22735.77725
22774.87405
22814.45966
22853.65931
22892.87774
22932.43609
22971.45789
23010.56207
23049.68033
23089.45982
23128.77902
23168.39031
23207.78561
23246.97665
23286.45973
23325.91103
23365.85562
23405.52625
23445.04040
23484.70133
23524.52898
23564.00480
23603.76646
23643.39037
23682.93358
23722.74394
23762.39021
23801.99159
23841.78149
23881.63658
23921.02630
23960.94399
24000.81628
24040.66921
24080.48565
24120.48968
24160.43652
24194.96635
24229.97029
24264.93422
24299.92688
24335.03425
24370.00362
24405.34732
24440.85957
24475.94473
24510.96363
24546.12476
24581.25604
24616.99122
