-16.88765
4.17875
5.78733
39.23802
3.14556
38.11983
30.49918
28.55763
31.56075
49.94285
-3.82547
4.52654
46.38042
24.93049
37.94346
14.20340
2.26833
-59.70144
-26.38607
-44.97521
-19.02312
17.14813
-22.96722
-6.68476
-18.80867
-15.58417
-14.00515
-15.91422
-41.88407
-0.28477
8.07751
34.88621
-20.60219
-2.57715
-26.48727
-40.93620
13.71104
-17.94893
-39.25370
-37.11738
-10.65735
-42.77092
-49.47270
-5.73916
-38.07894
-16.10201
-49.55887
-21.60913
-18.13988
43.74098
-4.83415
21.23987
43.92846
11.69466
30.65462
12.05944
24.35398
51.22287
3.04943
20.00511
23.65134
-3.27554
-42.67094
-8.86810
-19.29451
-27.02154
-1.70799
10.79148
4.86957
15.13095
25.41690
38.79480
7.36553
30.89433
48.50289
16.80138
42.46117
40.85670
47.63164
30.20069
58.02220
34.30159
22.57955
36.03830
42.68559
32.00591
38.10465
42.04084
52.33075
48.83643
20.13666
62.34638
37.69262
32.20323
34.74179
6.92884
17.57328
14.31865
26.64589
16.74858
28.56298
2.47548
58.63221
42.48973
14.38631
23.10516
48.94606
33.85505
34.09942
25.65660
29.68226
14.44815
2.23755
27.47284
33.44208
22.83518
64.65543
24.65349
28.72524
52.92669
17.51068
57.18574
57.80708
51.86359
55.41785
39.93453
72.45282
8.39000
29.56736
38.36943
38.37815
-6.43703
-30.13812
13.61273
9.69122
3.44052
19.69544
16.97943
42.20167
16.28086
-5.93975
-30.03272
1.68698
42.31170
34.11281
16.59624
-12.58768
2.77236
18.00819
6.84597
37.43662
34.03364
7.99992
-10.40768
4.24047
-33.53185
42.46255
23.62181
47.99375
-6.29619
-27.26386
19.08731
19.81774
7.01601
28.18980
33.85407
23.32387
38.14808
22.01301
34.35312
60.18457
-2.79790
60.75818
32.29513
39.67332
24.78884
3.63608
44.78468
52.64864
50.99533
24.79544
25.71457
20.76182
9.95869
20.99526
20.58342
32.07040
29.56590
46.34601
-7.12873
80.77755
40.87006
46.70103
18.82678
65.44452
39.50984
12.87196
31.45134
-19.40431
43.38071
38.08893
70.13379
55.30682
46.85201
61.11558
20.21923
55.23860
15.60335
36.47727
34.37519
21.74394
44.07715
35.11459
12.64805
37.50147
5.18393
-2.80497
14.45303
23.33856
-59.81044
55.16393
45.01592
34.25176
29.01370
26.56955
44.69820
31.67815
28.44364
7.64571
35.54654
55.53507
24.45121
63.39727
89.36456
51.60080
46.32110
50.09859
24.08761
20.65408
39.30523
-19.62433
39.89385
-11.58283
22.63697
34.06284
68.69174
57.42925
40.06889
27.66013
58.43632
67.06346
39.54982
38.21560
53.53305
42.50178
64.50934
61.51747
9.07283
47.74702
13.42072
85.40858
98.61280
88.74887
56.19857
60.51789
69.10100
57.48554
93.56666
94.03567
102.73926
39.26916
59.31906
9.39679
36.92333
-35.80848
-4.44508
48.36144
55.53087
64.63549
52.54259
31.37477
44.60394
65.77016
50.24840
-64.55852
26.30804
74.81752
58.61038
70.00877
95.84582
84.41148
30.78706
85.46004
70.82607
32.73813
85.30460
71.74146
85.02081
117.51197
121.64412
97.57900
25.74902
86.14218
99.51424
65.42431
116.54891
58.67752
98.73335
102.67286
83.33621
95.42048
39.52185
65.03256
93.07024
65.35786
109.50763
79.88424
82.73706
84.76821
72.31072
81.38821
35.09232
72.22441
74.89068
89.87489
117.18609
109.09596
35.79620
54.77174
43.72931
127.84547
94.01333
75.91407
133.37642
101.78342
55.24304
-10.72734
45.17380
64.31127
71.29154
8.18456
19.44815
12.08527
70.06688
97.85620
132.80359
92.31169
89.60769
79.71273
39.00797
59.05811
50.69650
93.89014
88.20014
58.95647
100.80240
105.41463
99.11042
90.04748
52.98077
29.73335
97.26869
90.56920
69.65866
61.39423
104.38823
42.69186
77.97627
110.36734
118.57310
103.19155
77.28748
135.49058
39.08301
62.09910
-30.33960
28.23595
66.90697
72.82459
56.83338
117.97323
94.39965
99.35245
35.39708
86.32297
90.13791
62.20368
83.71990
83.92924
-41.26805
83.85277
62.89399
66.49680
44.88645
85.24383
96.03364
56.19030
60.58551
56.34882
31.90270
83.51342
105.33154
88.17830
112.52178
86.30782
128.64652
46.98352
45.30282
113.12151
110.75102
130.47846
101.63754
150.92635
129.41097
83.26564
112.98890
119.79742
64.44169
104.49180
120.98521
114.14094
83.74727
111.41646
110.69564
138.96201
143.42024
94.63894
128.62336
49.56633
84.83761
65.02063
58.36563
84.09007
101.80427
94.52367
135.72695
97.25006
43.20100
78.20314
77.60696
47.73750
98.13571
15.09552
83.41224
53.60889
52.51511
29.18810
60.58870
70.51500
38.00200
13.06809
57.40288
93.84223
110.13673
111.16476
93.56655
131.36291
35.79718
48.73490
29.80344
67.62873
70.52323
38.12641
40.15808
79.18623
53.80743
69.05786
104.50831
101.17194
82.20989
85.25857
-5.51352
108.59181
72.36885
66.77755
130.23830
126.49383
56.55455
132.03878
114.45354
101.54815
85.82833
62.73148
61.97337
-30.64351
84.13891
87.47116
89.88672
61.10119
69.17584
88.65384
93.48718
93.26019
135.04273
110.09611
89.00601
84.93900
100.39731
117.00325
81.89972
86.83029
113.88691
146.70255
83.28129
23.09249
72.33306
72.44050
102.84909
88.08902
137.17718
113.97941
72.42057
71.18369
60.68418
90.49741
56.60005
102.44326
88.01435
84.93394
68.51216
89.34186
139.80281
103.16169
70.04075
118.03757
108.16657
111.46155
68.13125
117.92296
125.85927
99.35537
42.57935
86.16654
8.47782
-12.13298
93.71166
74.61508
99.22637
125.30622
107.10610
139.64832
81.42540
64.97177
99.35159
57.80195
-13.54101
98.19212
102.37413
66.53473
65.11480
105.63969
123.97383
93.62063
129.32181
104.13397
105.96848
79.19383
76.00194
101.42490
82.64981
90.69775
94.62620
105.08395
72.76311
44.59796
101.41529
120.54525
43.17537
94.15930
62.77048
63.86135
72.07597
113.17942
120.97719
85.03141
125.64895
74.55503
90.36280
37.93837
30.99924
124.70173
133.26550
18.32769
71.41311
71.46582
114.52050
99.00102
98.07234
146.96293
118.36990
148.06706
71.87652
114.24997
110.89504
94.72214
104.92835
55.31022
139.22428
45.13937
81.12943
107.13016
89.01365
108.78214
77.57772
110.72406
119.88942
86.40460
65.57308
102.52952
124.06148
88.84121
94.69541
99.00610
115.12465
107.49203
83.18629
98.06542
74.38748
60.21994
80.97419
106.53165
125.11210
126.86579
108.62766
85.89042
65.19223
118.68753
84.81000
77.92884
105.91918
88.05082
96.08912
107.42241
109.64679
73.47942
88.43686
107.61929
110.76382
91.54253
110.09640
98.50502
89.28406
73.85305
131.37136
80.93994
76.21309
105.29371
130.13199
119.14095
122.42696
122.84279
81.13897
124.84054
105.49101
76.37681
66.64913
101.27967
99.62134
110.87963
113.32103
97.09388
82.89060
108.92750
85.00053
62.98992
80.66745
117.37136
90.83064
98.10057
103.76306
81.71169
98.24386
81.36139
65.09908
97.86949
121.06611
83.19989
85.87756
104.26376
83.42337
105.75820
99.72356
124.66141
88.31920
92.30303
122.50697
136.80167
47.71094
97.81464
78.39976
84.68227
49.37682
88.45622
70.64895
99.14707
91.16925
108.44477
10.96411
90.16123
70.23563
84.13242
35.21915
64.30597
115.33572
82.52359
102.04263
103.98304
119.59851
97.63924
117.68615
13.56766
113.23680
77.46149
18.99666
52.46641
130.88635
140.18388
80.57084
61.09302
88.36068
115.06738
85.10096
129.12144
67.27354
117.11105
91.58941
60.09473
68.99054
58.42340
111.09510
69.57630
68.54830
84.97271
80.31861
67.62025
96.43459
94.86387
65.66309
84.02454
120.51262
73.88688
76.49016
130.97314
85.17253
87.52907
-1.69581
58.04415
68.71284
0.79531
38.48066
37.40672
94.00653
93.73385
55.78469
98.26171
