13.90493
11.89434
11.83081
11.89534
11.86708
24.74444
23.69567
23.80459
23.75828
23.77189
23.95522
23.91010
23.79014
23.93916
23.99785
24.44718
24.28469
24.04585
23.84284
24.66312
24.37680
25.18478
24.50403
24.05924
24.86223
24.00129
24.05952
24.09880
23.82232
23.60519
23.52999
23.63077
23.41920
23.55471
23.69991
23.79697
23.59648
23.69642
23.66394
23.71484
24.01641
23.65665
23.74221
23.70098
23.69870
23.68894
23.72309
24.01141
23.74727
23.73441
27.13426
27.71534
27.13916
26.92015
27.08736
27.03921
27.06236
27.14698
27.11807
21.74106
24.17380
23.95325
23.99379
23.95805
23.95492
23.96558
24.09117
24.00647
24.06352
24.07269
24.17815
27.22332
28.09648
27.16648
27.75141
27.16781
27.29762
27.59263
27.51644
27.62107
27.81584
27.31197
27.73675
27.36089
27.71093
27.38335
27.73348
27.78750
27.29119
27.67243
27.53205
28.46842
27.42708
27.70988
27.93749
27.55241
27.83803
27.93341
27.85657
27.82933
27.95291
27.48189
27.99527
27.69823
28.02918
27.80661
27.53926
27.98107
28.02714
28.39093
28.07711
28.04679
28.00638
27.97424
27.97256
28.01420
28.06896
28.03894
27.90062
28.01456
28.18162
28.01120
28.05852
28.18715
28.51021
28.08189
28.09984
28.16908
28.64956
28.28350
28.20991
28.58435
28.09907
28.17508
28.64239
28.23087
28.11709
28.65754
28.31352
28.66298
28.48763
28.49865
28.36302
28.23429
28.55770
28.42190
28.63260
28.77822
28.16032
28.40320
28.76559
28.88102
28.90149
28.46562
28.75214
28.73576
28.50780
28.64041
28.92600
28.93891
29.02855
28.48365
28.86873
28.87765
29.09276
28.87821
28.97367
28.82802
28.94159
28.94925
29.05266
28.94697
29.00020
29.01189
28.98833
29.02796
29.08123
29.18645
29.02028
29.07666
29.20473
29.44424
29.05525
29.24994
29.28851
29.49932
29.18928
29.12949
29.56083
29.24661
29.28814
29.54577
29.22657
29.21283
29.79025
29.21214
29.62729
29.33674
29.69135
29.33098
29.89643
29.69507
29.44088
29.67750
29.41391
29.74907
29.80824
29.38994
29.60682
29.82881
29.49911
29.77311
29.75564
30.05924
29.48463
29.84806
29.75557
29.83825
29.47107
29.89578
30.00619
29.83841
29.92766
29.86138
29.45956
30.00067
30.04272
29.95362
29.85112
30.15325
30.02890
30.08910
30.42182
30.04343
30.13733
30.12343
30.15422
30.05828
30.62481
30.12730
30.26538
30.46611
30.31432
30.19377
29.96658
30.52594
30.27014
30.67103
30.36751
30.69549
30.52185
30.67202
30.29993
30.68545
30.39902
30.94447
30.66264
30.81130
30.34044
30.22011
30.84139
30.74113
30.85569
30.54306
30.74011
30.78098
30.92481
31.01401
30.99890
30.62693
30.97725
30.94895
30.91556
31.48735
30.63977
31.02157
30.96719
30.97012
31.38868
31.23796
31.20864
31.09368
31.01092
31.06330
31.38361
31.23653
31.04681
31.18176
31.01367
31.06370
31.58369
31.33150
31.22923
31.48989
31.13653
31.24969
31.54600
31.30237
31.69819
31.28031
31.67078
31.41233
31.52571
31.35212
31.78005
31.46564
31.74067
31.72479
31.49154
31.69542
31.94580
31.82217
31.44196
31.77909
31.76168
31.43036
32.08787
31.89538
31.78667
31.81752
31.59807
31.91050
31.94752
31.78847
31.99160
31.91555
31.04365
30.80455
32.08110
32.07111
32.11604
32.07854
31.95396
32.17222
32.10130
32.40948
32.06312
32.10081
32.03018
32.13693
32.68544
32.04680
32.15689
32.12600
32.22103
32.51384
32.28832
32.69705
32.25581
32.17582
32.79177
32.71110
32.26329
32.27336
32.57984
32.30265
32.73724
32.84248
33.00226
32.44249
32.80159
32.78463
32.33228
32.79480
32.94428
32.47582
32.83984
32.83261
32.90226
32.95439
32.97959
32.56533
32.74574
32.78048
33.04280
32.88379
33.08926
32.87601
32.98139
32.58084
33.40154
33.17102
33.14017
33.02088
32.94932
32.91922
33.10030
33.29474
33.47403
33.02103
33.24898
33.19286
33.45219
33.38592
33.15806
33.47297
33.24567
33.25479
33.61503
33.37582
33.63833
33.33571
33.56948
33.30818
33.64058
33.59113
33.60916
33.34140
33.67785
33.40909
33.64060
33.79927
33.98246
33.45911
33.63341
33.46998
33.71541
33.70547
33.51556
33.68522
33.95145
33.45381
33.93159
33.90755
33.85542
34.06202
33.91599
33.99143
33.82770
33.93674
34.11718
33.13133
34.14906
33.91077
33.83342
34.08921
34.08397
34.04044
33.96656
34.15557
34.57017
34.12824
34.20999
33.99857
34.14932
34.43230
34.14258
34.31933
34.16445
34.32184
34.38346
34.61722
34.26403
34.34591
34.44293
34.30700
34.75056
34.30987
34.65135
34.38707
34.76157
34.34691
34.68039
34.36897
34.68857
34.71118
34.60749
34.87351
34.79769
34.81963
34.88468
34.61399
34.77716
34.72423
34.95880
34.96353
35.03698
34.56006
34.88260
34.93973
35.06374
35.48091
34.68801
34.88471
34.99778
34.92039
34.92986
35.20652
34.99302
34.97230
35.13852
35.38493
35.18074
35.03900
35.23379
35.48387
35.16722
35.11759
35.09897
35.23731
35.63164
35.36263
35.56700
35.23765
35.16077
35.52745
35.33334
35.62073
35.32667
35.63619
35.45451
35.62017
35.32896
35.71151
35.88287
35.37132
35.69993
35.47242
35.71596
35.80156
35.86162
35.52335
35.77079
35.82271
35.55797
35.93016
35.89577
35.85301
35.80704
35.84062
35.61851
35.93679
36.03285
36.06572
36.03944
36.30618
36.00001
35.66983
36.34665
36.10458
36.12954
36.09013
36.12402
36.08311
36.09572
36.43538
36.10862
36.22551
36.62583
36.24142
36.27327
36.14583
36.60817
36.25580
36.53919
36.18042
36.33688
36.51896
36.37934
36.54633
36.39028
36.64829
36.43185
36.69252
36.33062
36.66625
36.48365
36.82225
36.68944
36.41127
36.79991
36.77041
36.79740
36.56430
36.91729
36.83509
36.85408
36.83140
36.54657
36.79393
37.19354
36.95967
36.87288
36.75842
36.91414
36.64915
37.38921
36.96380
37.05916
36.95886
37.02419
36.99731
37.09462
37.06971
36.94461
36.93113
37.19106
37.15433
37.13092
37.42260
37.18902
37.27177
37.12243
37.43880
37.32928
37.20614
37.08940
36.97904
37.47990
37.37135
37.81387
37.21164
37.61056
37.40983
37.75984
37.13195
37.71603
37.55712
37.61522
37.75919
37.39892
37.62629
37.48342
37.62095
37.43020
37.80729
37.65903
37.46967
37.93857
37.79692
37.85879
37.89237
37.53629
37.94328
37.70126
37.75479
37.61684
37.96808
37.89990
37.94956
38.22864
38.38108
38.03871
38.07130
38.06674
38.06560
38.14355
37.95362
38.10226
38.06364
38.49702
37.68518
38.42394
38.33099
38.21342
38.38561
38.08128
37.54589
38.44375
38.14966
38.80594
38.24185
38.23345
38.45732
38.39791
38.27568
38.56189
38.71979
38.25154
38.30647
38.66068
38.43113
38.68943
38.35841
38.96867
38.71558
38.61854
38.60769
38.65481
38.78211
39.04517
38.62533
38.75833
38.78213
38.85311
38.50172
38.76297
38.90632
38.76528
38.95393
38.73186
38.79205
38.93100
38.97861
39.08375
38.95886
39.19909
39.39321
39.04724
39.02282
39.17715
39.19971
39.05642
39.14405
39.46136
39.21079
39.09680
39.58561
39.19965
39.21843
39.55834
39.02181
39.10418
39.11826
39.77949
39.31920
39.61129
39.39530
39.19104
39.48308
39.45130
39.94459
39.67063
39.51416
39.66093
39.82765
39.47582
39.76167
39.62391
39.54321
39.81036
39.64627
39.60138
39.78990
39.85509
39.38971
39.91769
39.87229
39.85293
39.81644
40.00403
39.94684
34.52984
35.00394
34.96393
34.99266
35.10737
34.96937
35.34370
35.51225
35.08516
35.01891
35.16113
35.13128
35.73517
