-16.88765 13.90493
4.17875 25.79927
5.78733 37.63008
39.23802 49.52542
3.14556 61.39251
38.11983 86.13695
30.49918 109.83262
28.55763 133.63722
31.56075 157.39549
49.94285 181.16739
-3.82547 205.12260
4.52654 229.03270
46.38042 252.82284
24.93049 276.76200
37.94346 300.75985
14.20340 325.20703
2.26833 349.49172
-59.70144 373.53757
-26.38607 397.38040
-44.97521 422.04352
-19.02312 446.42033
17.14813 471.60510
-22.96722 496.10913
-6.68476 520.16837
-18.80867 545.03059
-15.58417 569.03188
-14.00515 593.09140
-15.91422 617.19020
-41.88407 641.01252
-0.28477 664.61771
8.07751 688.14770
34.88621 711.77847
-20.60219 735.19767
-2.57715 758.75238
-26.48727 782.45229
-40.93620 806.24926
13.71104 829.84574
-17.94893 853.54215
-39.25370 877.20610
-37.11738 900.92093
-10.65735 924.93734
-42.77092 948.59399
-49.47270 972.33620
-5.73916 996.03718
-38.07894 1019.73588
-16.10201 1043.42482
-49.55887 1067.14791
-21.60913 1091.15932
-18.13988 1114.90659
43.74098 1138.64100
-4.83415 1165.77526
21.23987 1193.49060
43.92846 1220.62976
11.69466 1247.54991
30.65462 1274.63727
12.05944 1301.67648
24.35398 1328.73884
51.22287 1355.88582
3.04943 1383.00389
20.00511 1404.74495
23.65134 1428.91875
-3.27554 1452.87200
-42.67094 1476.86580
-8.86810 1500.82385
-19.29451 1524.77878
-27.02154 1548.74435
-1.70799 1572.83552
10.79148 1596.84200
4.86957 1620.90552
15.13095 1644.97821
25.41690 1669.15635
38.79480 1696.37968
7.36553 1724.47616
30.89433 1751.64265
48.50289 1779.39406
16.80138 1806.56187
42.46117 1833.85949
40.85670 1861.45212
47.63164 1888.96856
30.20069 1916.58963
58.02220 1944.40546
34.30159 1971.71743
22.57955 1999.45418
36.03830 2026.81507
42.68559 2054.52600
32.00591 2081.90935
38.10465 2109.64283
42.04084 2137.43033
52.33075 2164.72152
48.83643 2192.39395
20.13666 2219.92600
62.34638 2248.39442
37.69262 2275.82150
32.20323 2303.53138
34.74179 2331.46887
6.92884 2359.02128
17.57328 2386.85931
14.31865 2414.79273
26.64589 2442.64929
16.74858 2470.47862
28.56298 2498.43153
2.47548 2525.91342
58.63221 2553.90869
42.48973 2581.60692
14.38631 2609.63610
23.10516 2637.44271
48.94606 2664.98197
33.85505 2692.96305
34.09942 2720.99019
25.65660 2749.38112
29.68226 2777.45823
14.44815 2805.50501
2.23755 2833.51140
27.47284 2861.48564
33.44208 2889.45820
22.83518 2917.47240
64.65543 2945.54136
24.65349 2973.58030
28.72524 3001.48092
52.92669 3029.49549
17.51068 3057.67711
57.18574 3085.68831
57.80708 3113.74683
51.86359 3141.93398
55.41785 3170.44419
39.93453 3198.52608
72.45282 3226.62592
8.39000 3254.79500
29.56736 3283.44456
38.36943 3311.72806
38.37815 3339.93797
-6.43703 3368.52232
-30.13812 3396.62138
13.61273 3424.79646
9.69122 3453.43885
3.44052 3481.66972
19.69544 3509.78681
16.97943 3538.44435
42.20167 3566.75787
16.28086 3595.42085
-5.93975 3623.90848
-30.03272 3652.40713
1.68698 3680.77015
42.31170 3709.00444
34.11281 3737.56214
16.59624 3765.98404
-12.58768 3794.61664
2.77236 3823.39486
18.00819 3851.55518
6.84597 3879.95838
37.43662 3908.72397
34.03364 3937.60499
7.99992 3966.50648
-10.40768 3994.97210
4.24047 4023.72424
-33.53185 4052.46001
42.46255 4080.96780
23.62181 4109.60821
47.99375 4138.53421
-6.29619 4167.47312
-27.26386 4196.50167
19.08731 4224.98532
19.81774 4253.85405
7.01601 4282.73170
28.18980 4311.82447
33.85407 4340.70267
23.32387 4369.67634
38.14808 4398.50436
22.01301 4427.44595
34.35312 4456.39520
60.18457 4485.44786
-2.79790 4514.39483
60.75818 4543.39503
32.29513 4572.40691
39.67332 4601.39524
24.78884 4630.42320
3.63608 4659.50443
44.78468 4688.69088
52.64864 4717.71116
50.99533 4746.78781
24.79544 4775.99254
25.71457 4805.43678
20.76182 4834.49203
9.95869 4863.74197
20.99526 4893.03047
20.58342 4922.52979
32.07040 4951.71907
29.56590 4980.84856
46.34601 5010.40939
-7.12873 5039.65600
80.77755 5068.94413
40.87006 5098.48990
46.70103 5127.71647
18.82678 5156.92930
65.44452 5186.71955
39.50984 5215.93169
12.87196 5245.55897
31.45134 5274.89571
-19.40431 5304.58706
43.38071 5333.91804
38.08893 5363.81446
70.13379 5393.50953
55.30682 5422.95042
46.85201 5452.62792
61.11558 5482.04183
20.21923 5511.79090
55.23860 5541.59914
15.60335 5570.98908
36.47727 5600.59589
34.37519 5630.42471
21.74394 5659.92382
44.07715 5689.69693
35.11459 5719.45257
12.64805 5749.51182
37.50147 5778.99645
5.18393 5808.84451
-2.80497 5838.60008
14.45303 5868.43833
23.33856 5897.90939
-59.81044 5927.80518
55.16393 5957.81137
45.01592 5987.64978
34.25176 6017.57744
29.01370 6047.43881
26.56955 6076.89837
44.69820 6106.89904
31.67815 6136.94176
28.44364 6166.89537
7.64571 6196.74650
35.54654 6226.89975
55.53507 6256.92865
24.45121 6287.01775
63.39727 6317.43957
89.36456 6347.48300
51.60080 6377.62033
46.32110 6407.74376
50.09859 6437.89798
24.08761 6467.95626
20.65408 6498.58107
39.30523 6528.70836
-19.62433 6558.97374
39.89385 6589.43985
-11.58283 6619.75417
22.63697 6649.94794
34.06284 6679.91452
68.69174 6710.44045
57.42925 6740.71059
40.06889 6771.38162
27.66013 6801.74913
58.43632 6832.44461
67.06346 6862.96647
39.54982 6893.63849
38.21560 6923.93842
53.53305 6954.62387
42.50178 6985.02289
64.50934 7015.96736
61.51747 7046.63000
9.07283 7077.44130
47.74702 7107.78174
13.42072 7138.00186
85.40858 7168.84324
98.61280 7199.58438
88.74887 7230.44006
56.19857 7260.98313
60.51789 7291.72324
69.10100 7322.50422
57.48554 7353.42903
93.56666 7384.44304
94.03567 7415.44194
102.73926 7446.06887
39.26916 7477.04612
59.31906 7507.99507
9.39679 7538.91063
36.92333 7570.39798
-35.80848 7601.03775
-4.44508 7632.05932
48.36144 7663.02650
55.53087 7693.99663
64.63549 7725.38531
52.54259 7756.62327
31.37477 7787.83192
44.60394 7818.92560
65.77016 7849.93652
50.24840 7880.99982
-64.55852 7912.38343
26.30804 7943.61996
74.81752 7974.66677
58.61038 8005.84853
70.00877 8036.86220
95.84582 8067.92590
84.41148 8099.50959
30.78706 8130.84109
85.46004 8162.07032
70.82607 8193.56021
32.73813 8224.69674
85.30460 8255.94643
71.74146 8287.49243
85.02081 8318.79480
117.51197 8350.49299
121.64412 8381.77330
97.57900 8413.44408
25.74902 8444.85641
86.14218 8476.38212
99.51424 8507.73424
65.42431 8539.51429
116.54891 8570.97993
58.67752 8602.72060
98.73335 8634.44539
102.67286 8665.93694
83.33621 8697.63236
95.42048 8729.57816
39.52185 8761.40033
65.03256 8792.84229
93.07024 8824.62138
65.35786 8856.38306
109.50763 8887.81342
79.88424 8919.90129
82.73706 8951.79667
84.76821 8983.58334
72.31072 9015.40087
81.38821 9046.99893
35.09232 9078.90943
72.22441 9110.85695
74.89068 9142.64542
89.87489 9174.63702
117.18609 9206.55257
109.09596 9237.59622
35.79620 9268.40077
54.77174 9300.48187
43.72931 9332.55298
127.84547 9364.66902
94.01333 9396.74755
75.91407 9428.70151
133.37642 9460.87374
101.78342 9492.97503
55.24304 9525.38452
-10.72734 9557.44763
45.17380 9589.54845
64.31127 9621.57863
71.29154 9653.71557
8.18456 9686.40100
19.44815 9718.44780
12.08527 9750.60469
70.06688 9782.73069
97.85620 9814.95171
132.80359 9847.46556
92.31169 9879.75388
89.60769 9912.45093
79.71273 9944.70674
39.00797 9976.88256
59.05811 10009.67432
50.69650 10042.38542
93.89014 10074.64871
88.20014 10106.92207
58.95647 10139.50191
100.80240 10171.80456
105.41463 10204.54181
99.11042 10237.38428
90.04748 10270.38654
52.98077 10302.82904
29.73335 10335.63063
97.26869 10368.41526
90.56920 10400.74754
69.65866 10433.54234
61.39423 10466.48662
104.38823 10498.96243
42.69186 10531.80227
77.97627 10564.63488
110.36734 10597.53714
118.57310 10630.49153
103.19155 10663.47111
77.28748 10696.03644
135.49058 10728.78219
39.08301 10761.56267
62.09910 10794.60547
-30.33960 10827.48926
28.23595 10860.57852
66.90697 10893.45453
72.82459 10926.43591
56.83338 10959.01676
117.97323 10992.41830
94.39965 11025.58932
99.35245 11058.72949
35.39708 11091.75037
86.32297 11124.69969
90.13791 11157.61891
62.20368 11190.71921
83.71990 11224.01395
83.92924 11257.48798
-41.26805 11290.50901
83.85277 11323.75799
62.89399 11356.95085
66.49680 11390.40304
44.88645 11423.78895
85.24383 11456.94701
96.03364 11490.41998
56.19030 11523.66565
60.58551 11556.92045
56.34882 11590.53547
31.90270 11623.91129
83.51342 11657.54962
105.33154 11690.88533
88.17830 11724.45481
112.52178 11757.76300
86.30782 11791.40357
128.64652 11824.99471
46.98352 11858.60386
45.30282 11891.94526
113.12151 11925.62311
110.75102 11959.03220
130.47846 11992.67280
101.63754 12026.47206
150.92635 12060.45452
129.41097 12093.91363
83.26564 12127.54704
112.98890 12161.01703
119.79742 12194.73244
64.44169 12228.43790
104.49180 12261.95346
120.98521 12295.63869
114.14094 12329.59013
83.74727 12363.04394
111.41646 12396.97554
110.69564 12430.88308
138.96201 12464.73851
143.42024 12498.80052
94.63894 12532.71651
128.62336 12566.70794
49.56633 12600.53564
84.83761 12634.47238
65.02063 12668.58956
58.36563 12701.72088
84.09007 12735.86994
101.80427 12769.78071
94.52367 12803.61413
135.72695 12837.70335
97.25006 12871.78732
43.20100 12905.82775
78.20314 12939.79432
77.60696 12973.94989
47.73750 13008.52006
98.13571 13042.64830
15.09552 13076.85829
83.41224 13110.85686
53.60889 13145.00618
52.51511 13179.43847
29.18810 13213.58106
60.58870 13247.90039
70.51500 13282.06484
38.00200 13316.38668
13.06809 13350.77013
57.40288 13385.38736
93.84223 13419.65139
110.13673 13453.99731
111.16476 13488.44024
93.56655 13522.74724
131.36291 13557.49780
35.79718 13591.80767
48.73490 13626.45902
29.80344 13660.84610
67.62873 13695.60767
70.52323 13729.95458
38.12641 13764.63497
40.15808 13799.00394
79.18623 13833.69251
53.80743 13868.40369
69.05786 13903.01118
104.50831 13937.88469
101.17194 13972.68238
82.20989 14007.50201
85.25857 14042.38669
-5.51352 14077.00067
108.59181 14111.77783
72.36885 14146.50206
66.77755 14181.46087
130.23830 14216.42439
126.49383 14251.46137
56.55455 14286.02144
132.03878 14320.90404
114.45354 14355.84378
101.54815 14390.90752
85.82833 14426.38843
62.73148 14461.07643
61.97337 14495.96114
-30.64351 14530.95892
84.13891 14565.87931
87.47116 14600.80917
89.88672 14636.01569
61.10119 14671.00871
69.17584 14705.98101
88.65384 14741.11953
93.48718 14776.50447
93.26019 14811.68520
135.04273 14846.72420
110.09611 14881.95799
89.00601 14917.44186
84.93900 14952.60908
100.39731 14987.72667
117.00325 15022.82564
81.89972 15058.06296
86.83029 15093.69460
113.88691 15129.05723
146.70255 15164.62423
83.28129 15199.86188
23.09249 15235.02265
72.33306 15270.55010
72.44050 15305.88344
102.84909 15341.50417
88.08902 15376.83084
137.17718 15412.46703
113.97941 15447.92154
72.42057 15483.54171
71.18369 15518.87067
60.68418 15554.58218
90.49741 15590.46505
56.60005 15625.83638
102.44326 15661.53631
88.01435 15697.00873
84.93394 15732.72469
68.51216 15768.52626
89.34186 15804.38788
139.80281 15839.91123
103.16169 15875.68202
70.04075 15911.50473
118.03757 15947.06270
108.16657 15982.99286
111.46155 16018.88863
68.13125 16054.74164
117.92296 16090.54868
125.85927 16126.38929
99.35537 16162.00780
42.57935 16197.94459
86.16654 16233.97744
8.47782 16270.04316
-12.13298 16306.08261
93.71166 16342.38879
74.61508 16378.38880
99.22637 16414.05863
125.30622 16450.40528
107.10610 16486.50986
139.64832 16522.63940
81.42540 16558.72953
64.97177 16594.85355
99.35159 16630.93665
57.80195 16667.03237
-13.54101 16703.46776
98.19212 16739.57638
102.37413 16775.80189
66.53473 16812.42772
65.11480 16848.66914
105.63969 16884.94241
123.97383 16921.08824
93.62063 16957.69641
129.32181 16993.95220
104.13397 17030.49140
105.96848 17066.67182
79.19383 17103.00870
76.00194 17139.52766
101.42490 17175.90700
82.64981 17212.45333
90.69775 17248.84361
94.62620 17285.49190
105.08395 17321.92375
72.76311 17358.61627
44.59796 17394.94689
101.41529 17431.61315
120.54525 17468.09680
43.17537 17504.91904
94.15930 17541.60849
62.77048 17578.01975
63.86135 17614.81966
72.07597 17651.59007
113.17942 17688.38747
120.97719 17724.95177
85.03141 17761.86906
125.64895 17798.70415
74.55503 17835.55823
90.36280 17872.38964
37.93837 17908.93621
30.99924 17945.73015
124.70173 17982.92368
133.26550 18019.88335
18.32769 18056.75623
71.41311 18093.51465
71.46582 18130.42879
114.52050 18167.07795
99.00102 18204.46716
98.07234 18241.43096
146.96293 18278.49012
118.36990 18315.44897
148.06706 18352.47317
71.87652 18389.47047
114.24997 18426.56509
110.89504 18463.63481
94.72214 18500.57942
104.92835 18537.51055
55.31022 18574.70161
139.22428 18611.85594
45.13937 18648.98686
81.12943 18686.40946
107.13016 18723.59848
89.01365 18760.87024
108.78214 18797.99267
77.57772 18835.43147
110.72406 18872.76075
119.88942 18909.96689
86.40460 18947.05630
65.57308 18984.03534
102.52952 19021.51524
124.06148 19058.88659
88.84121 19096.70045
94.69541 19133.91209
99.00610 19171.52265
115.12465 19208.93248
107.49203 19246.69232
83.18629 19283.82426
98.06542 19321.54029
74.38748 19359.09741
60.21994 19396.71264
80.97419 19434.47183
106.53165 19471.87075
125.11210 19509.49704
126.86579 19546.98046
108.62766 19584.60141
85.89042 19622.03161
65.19223 19659.83890
118.68753 19697.49793
84.81000 19734.96760
77.92884 19772.90616
105.91918 19810.70308
88.05082 19848.56187
96.08912 19886.45424
107.42241 19923.99053
109.64679 19961.93381
73.47942 19999.63508
88.43686 20037.38987
107.61929 20075.00671
110.76382 20112.97479
91.54253 20150.87469
110.09640 20188.82425
98.50502 20227.05290
89.28406 20265.43398
73.85305 20303.47270
131.37136 20341.54399
80.93994 20379.61074
76.21309 20417.67633
105.29371 20455.81988
130.13199 20493.77350
119.14095 20531.87576
122.42696 20569.93940
122.84279 20608.43642
81.13897 20646.12160
124.84054 20684.54554
105.49101 20722.87653
76.37681 20761.08994
66.64913 20799.47555
101.27967 20837.55683
99.62134 20875.10271
110.87963 20913.54647
113.32103 20951.69612
97.09388 20990.50206
82.89060 21028.74391
108.92750 21066.97735
85.00053 21105.43467
62.98992 21143.83258
80.66745 21182.10826
117.37136 21220.67015
90.83064 21259.38993
98.10057 21297.64147
103.76306 21335.94794
81.71169 21374.60863
98.24386 21413.03976
81.36139 21451.72919
65.09908 21490.08760
97.86949 21529.05627
121.06611 21567.77185
83.19989 21606.39038
85.87756 21644.99808
104.26376 21683.65289
83.42337 21722.43500
105.75820 21761.48016
99.72356 21800.10549
124.66141 21838.86382
88.31920 21877.64596
92.30303 21916.49907
122.50697 21955.00079
136.80167 21993.76375
47.71094 22032.67007
97.81464 22071.43535
78.39976 22110.38928
84.68227 22149.12114
49.37682 22187.91319
88.45622 22226.84419
70.64895 22265.82280
99.14707 22304.90655
91.16925 22343.86541
108.44477 22383.06449
10.96411 22422.45771
90.16123 22461.50495
70.23563 22500.52777
84.13242 22539.70492
35.21915 22578.90463
64.30597 22617.96106
115.33572 22657.10510
82.52359 22696.56646
102.04263 22735.77725
103.98304 22774.87405
119.59851 22814.45966
97.63924 22853.65931
117.68615 22892.87774
13.56766 22932.43609
113.23680 22971.45789
77.46149 23010.56207
18.99666 23049.68033
52.46641 23089.45982
130.88635 23128.77902
140.18388 23168.39031
80.57084 23207.78561
61.09302 23246.97665
88.36068 23286.45973
115.06738 23325.91103
85.10096 23365.85562
129.12144 23405.52625
67.27354 23445.04040
117.11105 23484.70133
91.58941 23524.52898
60.09473 23564.00480
68.99054 23603.76646
58.42340 23643.39037
111.09510 23682.93358
69.57630 23722.74394
68.54830 23762.39021
84.97271 23801.99159
80.31861 23841.78149
67.62025 23881.63658
96.43459 23921.02630
94.86387 23960.94399
65.66309 24000.81628
84.02454 24040.66921
120.51262 24080.48565
73.88688 24120.48968
76.49016 24160.43652
130.97314 24194.96635
85.17253 24229.97029
87.52907 24264.93422
-1.69581 24299.92688
58.04415 24335.03425
68.71284 24370.00362
0.79531 24405.34732
38.48066 24440.85957
37.40672 24475.94473
94.00653 24510.96363
93.73385 24546.12476
55.78469 24581.25604
98.26171 24616.99122
